,Unnamed: 0,Wind speed (m/s),Power (kW),Blade angle (pitch position) A (°),Rotor speed (RPM)
0,101,6.847519922,403.1424281,8.266999958,9.106927905
1,102,7.156797338,706.9233917,1.015500006,11.8305328
2,106,7.918899488,866.8799927,0.0,13.55815418
3,166,3.663498929,147.6771665,0.652105269,8.881527985
4,170,2.555302054,75.08899775,0.690000008,8.265506476
5,173,3.029054159,112.0969753,0.269500004,8.308191553
6,176,4.283489323,113.4495291,0.566000006,8.436702535
7,187,3.69286769,180.0926643,0.318500006,8.870763838
8,232,2.480962729,3.238663635,13.00149989,6.047780646
9,385,8.156406426,1143.803619,0.042999999,14.36029212
10,411,4.011400199,231.666703,0.0,9.199184909
11,416,5.177403629,422.3185127,0.0,10.7186349
12,436,3.6857584,235.4659966,0.0,9.222225443
13,443,4.712060285,353.3070152,0.0,10.30753063
14,469,8.154587364,1168.711636,0.0,14.71708283
15,470,8.255363226,1201.907571,0.0,14.82452041
16,471,8.051194239,1138.442154,0.0,14.80551973
17,472,8.241515565,1318.326151,0.0,15.01234393
18,478,5.960017228,671.1051834,0.0,12.59535183
19,482,6.045924497,696.3920212,0.0,12.68706295
20,484,6.903029346,958.1857147,0.156500006,13.44028459
21,485,8.767168355,1585.121765,0.637999994,14.8859784
22,487,7.702735887,1161.022427,0.194117644,14.05119244
23,488,8.499423051,1610.772983,1.065499993,14.96690503
24,489,8.726999164,1588.776471,0.787500012,14.96320188
25,490,9.846633506,1875.430157,1.864000027,15.13102001
26,491,9.007218742,1709.300616,0.617500007,15.10408598
27,492,9.380157876,1656.578943,0.442500003,15.1409086
28,493,8.557727766,1317.418631,0.175499998,14.59684181
29,494,9.850216246,1792.424084,1.926000011,15.08293726
30,495,9.417579889,1699.222678,0.91249999,15.07376267
31,496,8.832768416,1551.109003,0.834000012,14.97361211
32,497,9.435028577,1689.692722,1.6005,15.01221268
33,498,8.601702404,1559.849893,1.013500023,14.90308209
34,499,9.078164506,1638.939267,0.926999998,15.01379585
35,500,9.11970737,1682.880566,0.964999995,14.96828149
36,501,8.919510961,1553.891885,0.403999997,15.01363666
37,502,9.556891489,1792.140775,2.139499998,14.96622598
38,503,10.06568952,1877.238306,2.204999981,15.16028278
39,504,8.854393744,1500.225906,0.257000003,15.00295638
40,505,9.512898397,1732.62616,1.3925,15.11173099
41,506,9.567769098,1754.828082,1.77349999,15.09387267
42,507,10.30197167,1888.969617,2.885000003,15.17724757
43,508,9.453795385,1793.39671,1.938500002,15.08576699
44,509,9.683135104,1803.586108,0.909500001,15.14346041
45,510,9.505436206,1646.240665,1.310500012,14.99742164
46,511,9.892631412,1705.172168,1.245500013,15.0987508
47,512,10.00474892,1810.71413,2.685500009,15.057659
48,513,10.4380163,1932.630835,2.996499993,15.158135
49,514,10.91106104,2020.425885,3.415500051,15.17502384
50,515,9.489175439,1769.51116,0.81578948,15.15829024
51,516,8.989417338,1491.328696,0.212499998,14.92664967
52,518,6.354637432,841.7606903,0.0175,13.10390899
53,519,8.033225679,1213.867766,0.110999998,14.33211856
54,520,8.810901618,1442.55307,0.351500002,14.89392096
55,521,9.85780828,1783.627704,0.918500009,15.14967455
56,522,10.63110342,2005.044647,3.731499982,15.1757876
57,523,10.18564048,1822.892023,2.552500023,15.13758136
58,524,9.529122043,1706.567853,1.277000007,15.09600592
59,525,9.729114246,1847.406824,1.298999999,15.17106695
60,526,9.628171396,1767.538464,1.344500008,15.14945523
61,527,9.370021795,1737.920404,1.807894717,15.09590982
62,528,9.482715869,1845.137732,1.160999995,15.15567836
63,529,10.08744471,1916.046979,1.987500003,15.16335949
64,530,9.337686992,1673.199585,0.808999991,15.11334792
65,533,8.583251381,1336.784296,0.287,14.31429756
66,537,6.346896875,818.8923706,0.0,13.16429083
67,538,8.910879278,1442.035516,0.906999992,14.65643764
68,539,7.947782564,1270.609607,0.0,14.77732082
69,555,4.580563533,313.1159401,0.0,9.97317405
70,563,6.782819622,984.2486781,0.0,13.91460003
71,564,4.835965073,409.2149452,0.0,10.83385308
72,575,7.60998224,1124.272592,0.0,14.30644454
73,577,6.760339522,957.1613373,0.0,13.93646474
74,579,8.433006251,1339.804639,0.115500001,14.71855009
75,580,8.964558099,1384.889138,0.196315784,14.96212504
76,581,7.520603728,1089.296771,0.086500002,13.76322801
77,587,7.52266413,1122.907794,0.0005,14.03820205
78,650,7.688891363,962.3040619,0.087000003,13.48914081
79,663,8.210686081,1424.33717,0.343500006,14.78737146
80,728,8.041467476,1197.954645,0.0,14.98747234
81,859,3.51220305,41.70398752,17.07100044,5.380821526
82,875,2.827394856,22.50601785,11.77650037,6.372859804
83,923,5.947320509,297.9651993,0.0,9.857034177
84,950,2.323041458,11.43780183,18.55250068,5.316306051
85,951,4.653639454,140.191558,11.13400035,6.674292452
86,961,3.849815595,85.18459537,1.102499998,7.854679104
87,971,3.472333872,36.49150225,19.70600072,4.823977056
88,1106,2.484371877,5.83199202,5.632500061,7.124294177
89,1128,2.133992052,2.487291501,5.833000016,7.533254452
90,1131,2.194677711,3.471772456,12.8020004,6.537893937
91,1140,2.470623803,6.017737705,10.21300035,6.974088354
92,1150,3.426491511,22.20282867,12.71200027,6.007211253
93,1181,3.36927464,33.9128608,16.00050041,5.537319873
94,1253,2.838210666,11.36853853,16.7010006,5.931430718
95,1254,3.731899107,36.52658841,8.479000102,6.891283315
96,1255,3.745940781,33.99807571,9.035000229,6.968578756
97,1256,3.44153266,29.77097168,7.20300014,7.074658765
98,1258,3.264974535,1.954981089,11.92650033,6.358328674
99,1410,7.405441976,603.2989792,4.800499991,10.91385801
100,1446,9.051545954,1654.059076,0.0755,15.14036751
101,1450,9.652376938,1783.794696,0.4755,15.13968489
102,1456,9.259353161,1719.284644,0.209999999,15.15027644
103,1459,9.706653738,1832.2198,0.631999999,15.15580273
104,1460,9.458621669,1840.533856,0.479500002,15.16980198
105,1463,8.578035212,1564.338489,0.238500005,15.12702705
106,1464,9.861205006,1915.022577,1.422000002,15.17489603
107,1465,9.868592906,1994.154144,2.694500005,15.1596812
108,1466,9.991012716,1917.302386,1.746999997,15.11493203
109,1467,10.54007282,2038.94906,3.615499997,15.1663987
110,1468,10.37922878,2033.537482,2.513,15.15931401
111,1469,9.770638752,1855.55387,0.905000013,15.15795055
112,1474,10.55000381,1990.781177,3.045999998,15.13776192
113,1476,10.50203824,2026.212598,4.127000034,15.17452231
114,1477,10.58194981,2012.362579,2.765499988,15.14940423
115,1478,10.08898551,1939.554443,1.436500004,15.11804447
116,1479,9.005380988,1683.803583,0.158999995,15.17426965
117,1480,9.403472281,1763.806915,0.336500001,15.17229742
118,1488,9.82031188,1945.149652,1.512500012,15.15372147
119,1489,10.7756494,2001.445453,3.345499998,15.14744094
120,1497,9.710013533,1894.019507,1.176499993,15.11964905
121,1498,10.30762346,1952.299548,2.380999961,15.16383876
122,1501,10.89625001,2008.642267,3.239999974,15.14894181
123,1503,9.183024049,1653.111554,1.406000012,15.05094042
124,1507,8.686310172,1616.092303,0.901999989,15.14905179
125,1510,11.34260387,2032.262854,4.89000001,15.15428889
126,1511,10.89491348,2042.385602,4.001000041,15.16734128
127,1512,9.994799376,1829.590549,2.340999994,15.0889459
128,1513,9.69779942,1904.119287,2.385499991,15.16270164
129,1514,10.06903086,1791.649365,1.959000012,15.14092478
130,1515,9.779139368,1934.781359,2.554210509,15.19022071
131,1516,10.44870834,1976.086572,3.276499986,15.15376711
132,1517,10.25777426,1917.9992,2.972499973,15.14307305
133,1519,10.02914007,1942.267505,3.012500012,15.16410331
134,1521,11.6148416,2050.975482,6.423500013,15.22925927
135,1522,12.36977673,2049.521613,8.914500022,15.15803777
136,1523,13.47567553,2059.832153,10.59299994,15.19770692
137,1524,11.85151343,2061.238885,7.717368477,15.18034835
138,1525,12.57613783,2044.535181,8.961999965,15.11050352
139,1526,12.28715672,2039.727002,8.518999898,15.14077145
140,1527,12.51664495,2063.298529,9.522500026,15.20020035
141,1528,13.25485706,2059.856158,9.346499991,15.17062846
142,1529,11.56307068,2051.930505,5.607499993,15.13523018
143,1543,9.225214732,1412.370599,0.03,15.10656623
144,1550,10.01727865,1878.874091,1.491500044,15.15914972
145,1551,9.723805404,1781.356946,1.27400001,15.07385096
146,1553,10.46688089,1938.707758,2.149500006,15.16419563
147,1554,9.970259833,1863.420844,1.956500016,15.13617991
148,1555,10.39300215,1952.98725,2.02999998,15.14612174
149,1559,10.80378824,1997.452981,5.203333281,15.18809785
150,1560,12.08029623,2047.014532,7.722999984,15.16921739
151,1561,11.61586256,2041.362256,8.074500084,15.16086946
152,1562,11.84429264,2054.797723,7.115499997,15.2016677
153,1564,10.53361309,1993.370404,4.908999991,15.14631142
154,1568,12.18680797,2062.565967,7.416999984,15.19279969
155,1571,11.76616304,2016.044519,5.354499981,15.10721424
156,1572,11.27227058,2029.899841,5.725999987,15.21345149
157,1579,11.56212406,2065.901111,5.965500009,15.24815333
158,1580,10.49409351,1996.827686,3.997999975,15.15435058
159,1584,10.58820536,2011.733044,4.878999995,15.13390204
160,1586,11.46446681,2042.351447,5.914500016,15.1409099
161,1589,11.00872035,2023.357654,5.485500026,15.16778657
162,1591,11.67589454,2047.786554,5.91600005,15.20053612
163,1593,10.69466124,1984.122137,3.169500035,15.12399919
164,1594,10.52659645,1954.876465,1.925500008,15.15919751
165,1598,10.25981638,1949.028973,1.881999971,15.14306219
166,1599,10.51118956,1924.524286,2.211500009,15.15620153
167,1601,10.74949493,2008.631945,3.413684186,15.1786307
168,1603,10.75448227,1935.124178,2.60266668,15.11822504
169,1604,10.63507573,1887.81956,3.073888938,15.1412649
170,1605,9.762007093,1689.481461,1.102499992,15.07355748
171,1607,8.82386297,1209.568016,0.0,14.80792522
172,1621,6.29982121,419.2993078,2.956500053,10.59299125
173,1625,6.826205373,501.3013865,0.0,11.47709474
174,1627,6.718815136,491.787826,0.124000001,11.35820031
175,1684,3.14035483,107.067938,0.085000002,8.130407855
176,1692,3.012069368,106.0573917,0.171500003,8.129958317
177,1698,5.05745281,130.1255561,0.073500001,8.25432533
178,1743,6.481177974,399.815123,0.0,10.75742997
179,1747,6.926696587,492.7748444,0.0,11.44150208
180,1849,2.327154357,0.876171012,5.018947476,7.845041632
181,1856,3.001919103,4.562871984,15.20250032,5.500017771
182,1942,5.375267528,428.1857697,0.0,10.93366389
183,2040,2.741924286,19.66072358,19.94100065,5.087705506
184,2062,2.209798172,0.49083052,1.49000001,8.327001572
185,2121,3.422746217,25.79575033,1.49000001,8.146745771
186,2175,8.67565527,1543.499197,0.568500001,14.95216687
187,2180,10.23691001,1975.081952,3.227500002,15.1360618
188,2183,10.52017379,2028.108221,5.264999974,15.1261438
189,2187,9.984515786,1716.945074,1.562500013,15.12420684
190,2189,9.307355785,1788.584778,1.402499995,15.13595729
191,2190,9.863191247,1963.864923,3.156000008,15.17768092
192,2193,10.05064876,1959.370972,2.940499999,15.15743588
193,2197,11.13947449,2051.019788,6.645499992,15.18242168
194,2200,11.0792949,2037.660071,6.171000051,15.09240492
195,2203,10.19112906,1988.650745,3.536000016,15.16338167
196,2204,9.734181881,1933.749072,2.614210516,15.17180796
197,2205,9.324154925,1848.746527,1.498999995,15.14435014
198,2208,8.981361198,1702.834186,0.593000004,15.11562212
199,2209,9.750646758,1869.246515,1.937499994,15.14377454
200,2216,9.892018795,1758.307269,1.223499987,15.15911423
201,2217,9.841250396,1962.935541,1.766500035,15.12343781
202,2218,9.422480488,1866.860529,1.70800001,15.14650565
203,2219,9.516425228,1519.755896,0.200500003,15.10005695
204,2295,9.697910786,1628.795721,0.028999999,15.15361091
205,2340,10.05054274,1877.183856,0.708499994,15.20083523
206,2406,8.114647134,841.3665237,0.0,13.58101185
207,2466,10.45743251,1881.951508,0.574499996,15.16499645
208,2467,9.915147614,1939.131897,0.828000007,15.12772599
209,2468,9.703034019,1882.836127,0.362000008,15.15865007
210,2469,9.250461721,1877.606415,0.425000007,15.13930812
211,2470,9.499793196,1900.612402,0.871500005,15.13623708
212,2471,10.16826587,2044.796631,2.509499997,15.16738862
213,2474,9.90720315,1908.271777,0.769000009,15.12686107
214,2475,10.51328716,2021.628979,1.940499996,15.14854565
215,2476,10.58126302,2050.224249,2.505000004,15.15090188
216,2477,10.67310931,2051.280929,2.881052651,15.13593929
217,2478,9.551992868,1900.012368,0.426842114,15.1690793
218,2479,10.3793402,1958.075012,0.802499992,15.14166847
219,2480,10.42444701,1991.381903,0.793000007,15.15019718
220,2481,9.964002258,1857.063245,0.515000001,15.14334297
221,2571,8.544492745,1342.40455,0.162105265,14.43870508
222,2573,8.787791324,1354.931477,0.647499996,14.58481805
223,2603,9.669584346,1674.40697,0.781000012,15.07638779
224,2605,9.949080038,1846.754315,1.28350002,15.19367051
225,2606,10.24075255,2003.647858,3.440499979,15.09900914
226,2618,13.86779079,2057.547052,10.26149995,15.18744886
227,2619,13.70856156,2044.544275,11.38600008,15.14353403
228,2620,13.92925143,2046.714691,11.18950009,15.15592191
229,2621,14.11147933,2054.194812,10.88299994,15.18945752
230,2622,14.44196606,2066.234546,10.95949998,15.23871535
231,2623,13.50105138,2056.938232,10.53800006,15.18624799
232,2624,13.55820553,2061.294779,9.267500003,15.21558166
233,2626,12.70934229,2054.639807,9.846500015,15.1907161
234,2636,13.32019715,2043.995801,10.03650002,15.14694773
235,2639,13.19203384,2044.064,9.569285836,15.13768137
236,2643,13.45763369,2059.428265,10.30299997,15.16872713
237,2659,13.56245623,2039.113452,9.339499986,15.16010061
238,2663,14.17496309,2053.336902,11.14849987,15.19287117
239,2664,14.68197927,2062.684918,11.57750002,15.20643054
240,2665,16.05887122,2048.751184,14.6875,15.12199983
241,2673,10.13589303,1818.292953,2.718499959,15.08010788
242,2674,11.47974367,1868.79726,5.303500062,15.08883664
243,2676,10.8227242,1907.548328,2.582499982,15.13584763
244,2710,13.47014578,2033.083447,9.598500013,15.14471599
245,2716,13.38819151,2028.860705,10.02052631,15.21962125
246,2726,10.21032165,1885.280237,2.584499991,15.1908963
247,2738,10.11040673,1870.41759,2.50150003,15.13568741
248,2740,10.16568565,1846.538763,3.526000005,15.13861598
249,2749,9.900539088,1864.188049,1.936999989,15.16328855
250,2753,11.23111763,1957.510028,3.517500009,15.14017783
251,2756,10.32461801,1873.38407,2.814499995,15.17646065
252,2757,10.25873954,1843.152979,1.817500007,15.14904995
253,2758,9.562924194,1719.573785,1.308999982,15.12206246
254,2759,10.42489254,1837.407874,2.593999982,15.18321647
255,2762,10.12267644,1754.971063,2.001000026,15.14848293
256,2763,10.48124826,1819.094348,2.424999994,15.11037688
257,2767,10.06802845,1758.1104,1.850999974,15.13299313
258,2768,10.64153552,1879.784314,2.891499987,15.16369964
259,2769,10.16048834,1847.699738,2.021500017,15.15613487
260,2770,9.856044579,1731.937903,1.236,15.10765296
261,2771,10.15473385,1846.32962,1.735499978,15.18529952
262,2777,12.20988107,2025.651643,5.72300002,15.20168133
263,2787,10.29943634,1851.249075,2.190526346,15.1794148
264,2791,10.28632348,1836.040411,3.007500023,15.0797288
265,2796,10.25090611,1930.278442,3.445999955,15.12788965
266,2813,12.46322207,2037.787598,6.859500027,15.18547046
267,2814,12.76985598,2043.20835,7.255499995,15.23903869
268,2817,12.72068391,2014.458862,7.374999946,15.14904687
269,2818,13.53453832,2037.463733,8.987499952,15.10519445
270,2825,13.01402717,2045.579877,8.147999978,15.16232447
271,2828,13.68853278,2043.740796,10.08149984,15.14389604
272,2829,13.84325113,2035.922351,9.680499911,15.13525084
273,2834,12.86534166,2013.666016,7.594000041,15.17407805
274,2838,12.26842713,2030.973846,6.091000009,15.17641649
275,2843,10.79998505,1826.290631,2.787499987,15.12160514
276,2846,10.81264462,1862.586401,3.282999958,15.12485147
277,2847,10.77191842,1921.654956,2.594499994,15.19012597
278,2848,10.25170431,1843.144971,2.038500017,15.17197466
279,2849,9.988636541,1754.570935,2.8125,15.10307761
280,2850,10.8603874,1860.667273,3.719499955,15.15990588
281,2851,10.33995051,1914.326331,3.329999998,15.1188971
282,2854,12.4431004,1996.855975,6.420999974,15.17165762
283,2855,11.66284418,1963.853204,4.359999973,15.12355354
284,2858,14.08238847,2016.867194,10.15400009,15.13095349
285,2862,13.07296319,2028.656183,8.138999993,15.16560785
286,2867,14.01513991,2052.316772,9.486000013,15.17012089
287,2874,10.24958827,1761.200592,1.714500027,15.09228998
288,2877,10.99418583,1882.505872,3.012000012,15.11101855
289,2878,10.12883923,1732.023801,1.306999998,15.13869855
290,2879,9.754934764,1755.020703,0.700000004,15.13110396
291,2880,9.458992815,1612.531488,0.91750001,15.01890032
292,2895,12.94232025,2058.551111,9.816000056,15.19807255
293,2897,12.77269611,2064.557135,9.70400002,15.17579243
294,2898,11.93949981,2021.701575,8.056000006,15.07090147
295,2908,9.699750398,1948.676312,2.508500011,15.16292189
296,2909,10.26466098,1914.107605,1.927500006,15.14847091
297,2924,10.37497795,2038.12478,4.535500059,15.1466606
298,2928,10.81864018,1897.836951,2.944999974,15.15194245
299,2936,13.37680576,2058.71228,9.849499965,15.22713827
300,2943,12.89683819,2036.808664,9.622631449,15.14915289
301,2944,11.87142623,2053.041587,8.37736835,15.1186685
302,2948,14.40677152,2045.235211,11.53699995,15.11403143
303,2949,13.87285833,2040.48941,9.431999958,15.12277628
304,2950,12.01597722,2055.292847,8.297500008,15.16964024
305,2963,9.905105448,1831.651038,1.868000012,15.14359201
306,2964,8.39339385,1416.694809,0.461500013,14.91285722
307,2967,9.863692474,1782.434723,1.009499982,15.07057813
308,3045,9.938350821,1796.914819,0.156000001,15.12434176
309,3046,10.26310182,1942.254688,0.845999995,15.15416855
310,3050,9.981601429,1765.237329,0.180000005,15.15209243
311,3054,10.15471539,1913.618848,1.057499999,15.16915235
312,3055,10.37943306,2038.117828,2.3655,15.15991455
313,3056,10.12211957,2034.463196,2.266000013,15.18044481
314,3057,10.11304257,1976.557166,1.222500005,15.16071537
315,3058,10.26514378,1976.141522,1.115500006,15.14476597
316,3060,10.64606476,2009.985175,2.272500008,15.15095338
317,3061,10.57350397,2048.659399,3.102499953,15.15350202
318,3062,10.61222534,2034.319635,2.710999995,15.16987641
319,3063,10.53446701,2029.137952,2.548500006,15.17090043
320,3064,10.36551104,2009.264362,1.634500021,15.1578353
321,3065,10.20331187,1939.622754,0.915000001,15.17007771
322,3142,3.602207971,53.33139544,17.06700046,5.356720258
323,3146,2.803662103,13.45554748,5.71450007,7.564749252
324,3162,2.068353796,0.359276026,10.11500034,6.720436242
325,3169,5.639373273,237.7300224,0.0,9.245844539
326,3337,2.635603416,4.225624114,1.920999992,8.136623695
327,3348,3.400667751,8.752558637,19.24700004,5.816697182
328,3362,8.199193168,944.2295334,0.0,13.83995658
329,3394,2.563450956,15.66335475,1.34000001,8.148139089
330,3397,3.682064354,101.6083285,0.793000007,8.516274691
331,3413,3.332322359,53.45813923,19.52049955,6.424272247
332,3550,10.12559066,1942.39552,0.713000001,15.14967602
333,3568,9.37510891,1789.158307,0.714499998,15.16956881
334,3569,9.788588643,1977.540448,0.886999983,15.1531916
335,3594,9.448961258,1896.596622,0.28736842,15.16531584
336,3606,9.60324192,1926.79126,0.388500005,15.16071206
337,3607,10.00615973,1961.67475,0.717500004,15.15987897
338,3608,10.04950316,1981.132184,0.569000002,15.14041087
339,3612,10.17632213,1957.187225,1.515789471,15.168165
340,3613,9.982195377,2029.680112,1.841,15.16802841
341,3614,9.801359606,2028.848785,2.140999988,15.1513626
342,3933,10.216083,1865.990881,1.469473666,15.1357592
343,3935,10.2461915,1825.895807,1.493500002,15.15465666
344,3936,9.934434199,1738.168518,1.785499978,15.17171144
345,3937,10.42359314,1952.794666,2.125499993,15.19453852
346,3938,10.3302052,1915.043396,2.402500017,15.15794004
347,3939,9.920809269,1887.506671,1.731999991,15.14048289
348,3941,9.772587585,1712.79151,0.788500009,15.16145718
349,3942,10.09663327,1838.464789,0.816999999,15.15702461
350,3945,9.715712261,1741.411847,1.102500013,15.18121737
351,3946,10.30382793,1843.917523,1.225500008,15.13854226
352,3947,10.48533505,1978.996985,2.523000015,15.15100345
353,3962,11.3749085,2009.751805,5.198947398,15.12878871
354,3963,9.971800447,1583.019617,0.912500013,14.95179409
355,4041,10.00875838,1843.697705,1.317000008,15.12874085
356,4042,10.0241643,1931.891327,1.918947377,15.18777501
357,4043,10.83248777,2060.387,4.066499975,15.2324928
358,4044,11.00838614,2022.017437,4.505000001,15.14184693
359,4045,11.56676478,2060.794116,6.369499981,15.18683812
360,4046,11.76590323,2055.113031,6.940999961,15.15010782
361,4047,11.12252693,2048.952332,5.369500011,15.13375747
362,4048,11.51477113,2057.843152,6.321500003,15.17369941
363,4049,11.37722306,2042.425073,3.984499991,15.19571874
364,4050,10.38435206,2012.810229,2.688499969,15.17436272
365,4051,10.26701841,2019.834192,3.560500053,15.18814825
366,4052,10.26232216,1974.332324,2.113499996,15.15062624
367,4053,10.26258202,1995.550415,1.697499999,15.18577176
368,4068,9.498196936,1427.251331,0.161,15.01243669
369,4078,9.590471196,1563.203137,0.008,15.15928647
370,4081,8.795179367,1147.364432,0.0,14.81017511
371,4105,8.916039705,1434.261401,0.575500003,14.72958474
372,4108,9.916632676,1649.276508,0.784499997,15.09148943
373,4109,8.514477062,1152.648001,0.168499994,14.22972947
374,4110,7.677180391,919.9073615,0.034736843,13.19066937
375,4113,9.163533521,1331.174194,0.055500001,14.75683782
376,4158,2.280799818,14.1502679,1.32700001,8.146306962
377,4159,2.093429905,1.87967343,1.39000001,8.145567566
378,4165,2.315112226,2.018804108,13.2725004,6.243220735
379,4167,3.871228945,63.42307166,12.94650035,5.840106254
380,4191,7.758185172,1077.569174,0.1995,13.7838555
381,4194,10.31440854,1857.941968,1.271999982,15.17192218
382,4196,9.379656792,1663.235861,1.101500002,15.01941092
383,4198,9.990010405,1796.42507,1.895999993,15.11742783
384,4199,10.14008811,1597.885449,1.02650001,14.88085029
385,4200,9.324581814,1667.455054,1.15550001,15.10778359
386,4203,10.48609321,1865.999396,1.6285,15.19490781
387,4204,9.869354033,1767.812695,1.124999998,15.19220509
388,4205,9.216826534,1749.6,0.870499997,15.15011492
389,4208,9.217661762,1741.181348,1.199500009,15.10443091
390,4213,10.17739878,1811.639801,1.107499995,15.12870906
391,4214,9.201493835,1730.954596,1.028000004,15.14419024
392,4218,9.41711576,1829.746875,1.572500021,15.13809751
393,4228,9.904715586,1919.20015,2.166000023,15.07733068
394,4229,9.442509317,1864.650092,1.967000008,15.17971887
395,4230,9.192880821,1717.76192,1.015000001,15.10725018
396,4234,9.808691788,1813.045673,1.560000008,15.15211411
397,4237,9.232567406,1826.613416,0.778500006,15.15465935
398,4239,10.15657151,1737.293072,1.416000012,15.14509088
399,4240,8.706190586,1796.208981,0.958500011,15.13551003
400,4241,10.19597981,1866.564966,2.047999978,15.1764202
401,4248,7.024038315,1034.228629,0.090000001,13.79501246
402,4250,8.132999229,1344.143851,0.565000021,14.55624533
403,4253,7.459830129,1187.001172,0.058499998,14.37006471
404,4262,8.059955788,1407.129095,0.3745,14.88225465
405,4264,7.64551084,1324.031778,0.346999991,14.72914495
406,4267,8.731899667,1398.234039,0.610499999,14.76698117
407,4269,9.041954191,1462.798488,0.745263156,14.83745931
408,4272,9.065147475,1729.699725,0.867999999,15.09532209
409,4274,9.637947057,1719.421201,1.53750002,15.14205967
410,4277,7.819923997,1353.219812,0.056000002,14.99710183
411,4281,6.857922435,1011.461163,0.0205,13.93654624
412,4287,8.853855395,1590.682785,0.945,14.89876507
413,4291,8.182709575,1398.855621,0.403499998,14.78874314
414,4300,7.120062256,1054.068622,0.0,14.37509371
415,4324,5.60178306,573.1420258,0.0,11.80466723
416,4443,6.204615283,329.2462341,0.0,10.11694765
417,4466,5.589862418,176.3915405,0.0,8.549524248
418,4472,4.181581259,53.96432135,0.865500009,8.1320934
419,4570,3.148957098,31.4642356,1.762999991,7.830604356
420,4708,8.911229406,1258.684103,0.007,14.75399624
421,4711,9.408614135,1590.796408,0.747000015,14.97149742
422,4731,8.064503527,934.2182907,0.0,13.86089762
423,4739,9.975100618,1796.228291,1.854210546,15.12622509
424,4742,9.126501346,1352.373099,0.307999998,14.89413173
425,4743,9.761468863,1800.753571,1.380499986,15.11568099
426,4744,10.3384655,1927.04472,1.766000002,15.19800389
427,4757,10.51184996,1874.149109,1.502000003,15.12845483
428,4758,9.985629439,1735.245282,0.970500003,15.08754891
429,4760,10.19668517,1914.272986,1.674000016,15.16987731
430,4761,11.19118967,2035.239972,4.102105298,15.16484918
431,4762,11.24203224,1995.354639,4.081428539,15.21336266
432,4763,12.10262704,2043.490736,6.210000013,15.17466752
433,4764,10.60073512,1992.514608,3.50066665,15.1305207
434,4765,10.3820688,1891.590851,1.93099997,15.16259846
435,4766,9.451989776,1850.496008,1.511052649,15.1484102
436,4767,10.9829185,2005.377026,3.023499978,15.17205392
437,4768,10.14350359,1742.394223,1.181500021,15.11082691
438,4769,9.342568851,1788.766699,0.409999996,15.12092395
439,4771,9.493426228,1770.809558,0.413999999,15.13805585
440,4868,8.604226851,1183.642035,0.0,14.97843871
441,4908,8.020529103,890.0662659,0.0,13.76785241
442,5095,3.240579355,58.50530403,1.521499985,7.944285057
443,5188,2.613970876,13.96089946,6.616000187,7.375798604
444,5197,2.696729714,6.352093741,1.49000001,8.132281178
445,5207,2.468577999,3.13595649,1.49000001,8.144763306
446,5267,3.077082586,6.735939741,17.14400064,5.329546577
447,5268,2.81991505,1.450546509,5.840000176,7.483722126
448,5272,2.792786019,5.968685763,6.385000144,7.295276661
449,5273,2.8199476,16.4769108,3.440000093,7.838460434
450,5310,7.328073597,1062.96104,0.0,13.60959059
451,5332,9.62193444,1715.978475,0.505555544,14.99362503
452,5333,9.980058193,1998.909502,2.991428556,15.14122654
453,5334,9.363878655,1874.156592,2.301000011,15.12683898
454,5336,9.145732069,1743.724188,1.646999991,15.13100798
455,5337,10.65779619,1929.620081,1.99000001,15.17163751
456,5340,10.45076861,2015.500842,4.356999987,15.14783764
457,5341,11.16731839,2055.586804,6.296500015,15.17525022
458,5342,10.67325888,1965.423901,2.665000008,15.16317111
459,5347,11.44905982,2024.15849,6.941000038,15.13730286
460,5348,12.06550198,2047.131921,8.150000036,15.13424733
461,5349,11.13351591,2038.45025,6.195499986,15.16570272
462,5350,12.21556132,2053.251013,8.324499989,15.15857984
463,5351,12.90672179,2045.593413,9.643529415,15.16517727
464,5352,12.22477921,2040.392377,7.862941153,15.11715726
465,5353,11.53788152,2025.720667,6.713500029,15.11781156
466,5356,11.85619125,2052.142322,7.16099999,15.14404491
467,5369,11.595648,2026.29104,5.65600003,15.11583441
468,5378,11.53352993,1972.589805,6.637894753,15.20381532
469,5381,11.88603973,2045.100751,7.449000001,15.15384766
470,5382,11.54645729,1976.232239,6.15399999,15.19245788
471,5385,10.88669047,1966.644128,3.609000015,15.15675357
472,5388,11.28964522,1904.650183,4.309500012,15.16864394
473,5389,11.77644672,2043.716205,6.673000038,15.16392356
474,5390,12.01232047,2024.304126,7.567500073,15.11978911
475,5393,13.06121306,2043.387592,8.429000103,15.14523724
476,5395,10.99338775,1985.213196,3.884000006,15.16713533
477,5397,11.68491502,1962.803729,5.963499994,15.13536903
478,5400,11.96712074,2013.183203,7.602999997,15.17130044
479,5402,10.10894024,1925.813312,4.468499966,15.1565309
480,5403,11.66594424,2005.640063,6.243500019,15.14843698
481,5404,10.1563303,1848.164984,4.789000011,15.07544558
482,5405,12.68844104,2050.09516,9.007999972,15.22163549
483,5407,11.72044358,2046.625562,7.571999943,15.12891649
484,5410,13.7020092,2060.572705,10.91849997,15.1614017
485,5411,13.22122178,2033.050366,9.5049999,15.13680857
486,5412,13.40907426,2065.251801,10.68750001,15.2017187
487,5413,12.66969275,2052.699866,9.555499959,15.14591029
488,5414,12.36229773,2052.388812,8.171499991,15.19264542
489,5415,14.15472989,2041.714398,12.03649998,15.16868725
490,5416,14.70293622,2042.624615,11.72950004,15.15683873
491,5417,13.43844018,2058.206989,10.1480001,15.18948542
492,5418,13.54023676,2057.596094,11.18500001,15.17487471
493,5419,12.19026065,2037.140973,7.621999943,15.15703569
494,5421,12.36426549,2042.47951,7.875499944,15.13974591
495,5422,12.39029007,2018.786346,7.766000021,15.16418593
496,5423,12.48347397,2055.531885,7.65700005,15.18929614
497,5425,11.68489637,2037.798267,7.008499998,15.15989377
498,5426,13.5579083,2070.993115,10.13449996,15.25801295
499,5427,11.22491786,1951.658734,4.742999982,15.11473641
500,5428,10.64502516,1907.348779,2.782500015,15.15563326
501,5430,12.33749828,2044.678729,8.188500071,15.10914244
502,5440,10.58568096,1895.994141,3.070500017,15.12439057
503,5445,11.59444153,1988.453345,5.315500033,15.14652412
504,5451,9.913681293,1770.533182,1.289500003,15.02845024
505,5458,11.85078959,2029.688025,6.463000017,15.20505448
506,5460,10.80015202,1958.063806,3.357499996,15.16010499
507,5461,12.5757664,1995.465631,8.476500008,15.19556031
508,5462,11.98805933,2044.951904,8.119499958,15.10220942
509,5463,11.5776052,2007.095569,5.251000004,15.16650595
510,5464,11.10587645,1995.769171,3.771499941,15.21041045
511,5465,11.96344547,2058.910217,6.348499992,15.22017704
512,5469,11.15976348,1969.619666,3.35400002,15.15991545
513,5474,11.52653975,1926.552021,6.683500063,15.0501156
514,5475,11.84067302,2024.332959,7.063999903,15.12040141
515,5483,12.0866447,2043.333154,7.344499946,15.209996
516,5484,12.30725999,2045.135443,7.90150007,15.19020456
517,5488,11.47215171,2034.317922,5.118499929,15.16753355
518,5489,12.56193738,2056.677893,8.828499985,15.16121864
519,5491,12.23727932,2016.650623,6.098500031,15.09303881
520,5519,9.733086705,1682.595761,1.343157872,15.07789097
521,5520,9.8318578,1820.487909,0.733000004,15.11980458
522,5524,9.352555442,1637.867404,0.169000003,15.09443602
523,5527,7.579725424,1303.184314,0.15466667,14.82580847
524,5538,9.211610508,1683.261487,1.214500005,15.08128497
525,5619,2.785217148,34.69788682,1.216000009,8.156391352
526,5828,2.234634805,3.73459903,1.46500001,8.140135556
527,5831,2.760523111,6.173483104,4.92950013,7.386035984
528,5833,2.350854635,7.232030655,1.39000001,8.145484686
529,5871,2.757893193,62.40477829,0.751500008,8.183087915
530,5874,2.260529524,10.44271046,1.42750001,8.135836959
531,5875,2.084705564,6.521866286,1.450000012,8.143238202
532,5876,2.515726846,63.74453793,0.813000008,8.195211455
533,5995,5.450847864,516.294548,0.0,11.48134008
534,6107,7.684504429,1331.340167,0.026470588,14.88789913
535,6124,7.18001895,1129.02312,0.178,14.01032661
536,6125,8.287455665,1631.767331,0.903333334,14.86902207
537,6154,9.183896637,1825.187854,1.402000006,15.10067949
538,6158,9.048334575,1723.506491,1.035000016,14.80285169
539,6197,7.078686237,1144.028247,0.265499998,13.89899817
540,6248,10.62280598,2022.300732,5.521499968,15.1068449
541,6266,10.42531951,2026.538739,5.081111073,15.15339121
542,6329,9.84884243,1992.494873,1.748500004,15.17575979
543,6335,9.092290568,1892.395978,0.819499999,15.1507844
544,6350,11.31403632,2060.300061,7.148500013,15.14403677
545,6351,11.62351031,2062.696143,8.238000011,15.15929045
546,6352,11.77982512,2058.738385,8.708999991,15.15229873
547,6353,12.4289372,2061.556,9.074500036,15.16145584
548,6359,11.49802675,2054.524561,7.263500023,15.15040433
549,6362,12.05904226,2062.630536,9.009499955,15.13174023
550,6363,12.56548781,2058.732897,9.22736848,15.17575391
551,6364,12.05941772,2065.945095,7.909444491,15.20520394
552,6373,11.39925671,2059.726996,7.251499939,15.1545011
553,6388,11.87733397,2061.055536,7.780499935,15.15818028
554,6389,11.46591468,2045.553711,7.292499948,15.1064335
555,6390,11.36576986,2056.920673,6.77950002,15.17430599
556,6392,11.05308461,2053.820807,6.601500022,15.14263085
557,6398,9.7397506,2004.825891,2.403500006,15.14373784
558,6405,11.47118645,2065.498279,7.01850003,15.18779334
559,6406,12.25472803,2064.668634,8.823000026,15.20671432
560,6412,12.10580125,2057.561438,7.253500044,15.1336403
561,6413,12.21342664,2052.398425,8.864499974,15.1418311
562,6414,11.98820782,2063.96062,7.650000048,15.17055175
563,6458,8.705949378,1674.515826,0.342999998,15.09649685
564,6461,10.04987812,2024.194285,2.01999999,15.16416719
565,6792,9.908372402,1856.056995,0.581500001,15.14004099
566,6803,10.06158736,1650.155746,1.198500019,15.01761331
567,6896,12.8343051,2026.041351,7.890499985,15.17136562
568,6897,12.49613338,2032.339172,7.290999949,15.19278659
569,6899,11.47764611,2038.798639,7.24399997,15.12103817
570,6928,10.83909621,2001.957605,2.500999963,15.17051437
571,6951,12.48759879,2057.266226,6.914615429,15.23572408
572,6955,10.44883811,1804.471252,1.794500001,15.12421435
573,7001,12.40794306,2021.340369,8.529500079,15.14743803
574,7020,9.428346109,1913.13764,1.165500007,15.17894527
575,7105,9.643541193,1528.103012,0.458000004,14.99539751
576,7112,10.7921144,1824.179443,2.427999984,15.20054917
577,7141,11.73174825,2014.819543,4.537499949,15.19430092
578,7160,13.3655512,2043.953644,10.19750004,15.11679822
579,7161,13.32047721,2054.346875,9.183999956,15.16531295
580,7170,12.51903944,2029.948932,8.354499948,15.14915411
581,7185,10.581987,1863.891956,2.001000002,15.1442395
582,7197,10.8370172,1923.91767,2.437999985,15.17716406
583,7214,11.21706586,1983.486688,3.164999998,15.21467453
584,7325,11.80287976,2032.363177,4.762499982,15.18954054
585,7328,12.42366548,2062.507843,8.209000003,15.25433318
586,7465,7.728021145,792.519809,0.0,13.38337232
587,7522,6.97506637,529.1355659,0.0,11.74971839
588,7532,7.778808212,836.9322052,0.0,13.58970711
589,7628,8.687665224,976.7308044,0.0,14.24989723
590,7632,8.146215796,930.5326721,0.0,14.00758235
591,7633,8.648201489,1089.829239,0.0,14.7360156
592,7662,9.910377169,1683.98338,0.0,15.16281894
593,7663,9.440931511,1784.184705,0.102,15.15833402
594,7682,10.40459895,1979.60762,2.159374984,15.19487791
595,7690,13.62599843,2057.878749,10.42142836,15.17097946
596,7695,9.511283422,1860.753168,1.844499987,15.14327578
597,7712,12.7273294,2022.406897,8.871500015,15.12640661
598,7717,12.92050915,2019.009869,9.166500068,15.11250025
599,7718,14.98981967,2054.124939,13.04699998,15.10082781
600,7719,14.93140354,2038.008984,12.36500006,15.18932931
601,7720,14.28726616,2006.592944,11.66600008,15.06522207
602,7721,13.96466846,2040.309082,11.16750009,15.14413382
603,7722,14.56306801,2059.261774,11.62449992,15.20762046
604,7723,13.2950634,2019.811761,11.26399996,15.08927107
605,7724,13.00303807,2011.886145,10.52649992,15.05499427
606,7725,12.99668975,2054.815863,11.00949996,15.2320282
607,7726,15.60531516,2038.688745,12.94399996,15.14149506
608,7727,15.9105381,2027.75769,14.33199983,15.11325806
609,7728,17.52666597,2061.193316,16.29764708,15.16683019
610,7731,12.95436721,2001.747937,8.69349997,15.16869915
611,7732,12.77542472,1990.626978,8.09950006,15.17342059
612,7733,13.86018004,2042.194574,9.158499968,15.15629536
613,7734,14.05248756,2060.323016,11.18050001,15.16001004
614,7735,14.39977365,2027.419458,10.96699994,15.15760459
615,7736,13.9144383,2053.916876,10.24000003,15.15044998
616,7737,13.52067491,2018.231482,9.612999904,15.24533039
617,7739,13.53968015,2040.488867,10.15700003,15.15515694
618,7741,13.71370344,2050.328851,10.92649999,15.16879405
619,7748,12.75380829,2056.947314,9.092000031,15.18665175
620,7764,12.97209451,2026.733307,8.644736855,15.03747964
621,7765,12.76347065,2049.563763,9.593000007,15.11533302
622,7766,12.91807747,2047.798804,9.754999948,15.20359191
623,7772,13.17193842,2047.141826,10.29449997,15.17395207
624,7780,12.78576422,2043.168811,8.699499989,15.17305157
625,7785,12.80534763,2039.28844,8.599499995,15.188428
626,7786,13.20039477,2057.671875,9.741999996,15.17263395
627,7787,12.91356697,2027.804126,9.172500038,15.09810926
628,7788,12.6875685,2037.320776,10.12300001,15.15370806
629,7789,13.72556486,2035.680151,10.51349995,15.1569031
630,7790,12.62907805,2046.130957,8.635499883,15.08925788
631,7791,13.64908743,2056.091135,10.29263145,15.19114221
632,7793,13.02527614,2031.542596,8.222000003,15.14887574
633,7800,10.20372028,1750.301074,1.220526316,15.13706747
634,7805,11.25870159,1934.490167,3.131499995,15.16587125
635,7817,12.66191511,2015.557397,6.168499945,15.18558204
636,7840,12.63570492,1928.184351,8.458000007,15.15963498
637,7846,13.13995519,2043.58125,9.375000024,15.17999634
638,7873,12.77405114,2033.699646,8.955500025,15.16316338
639,7874,12.12263741,2042.125208,8.712500024,15.12879346
640,7875,13.87037106,2058.803491,10.77649996,15.19511604
641,7945,7.039742231,903.4328979,0.0,13.91578665
642,8083,8.6327389,1100.426294,0.0,14.75987752
643,8127,2.825675929,8.453830957,5.502000087,7.261917053
644,8130,3.110857558,19.61464972,8.111000144,6.810309788
645,8156,3.61513288,79.27226512,11.55550027,6.634785606
646,8158,3.623278886,56.90904694,3.837500027,7.656243889
647,8202,2.601289862,11.56076664,3.613999915,7.516838528
648,8212,2.840371198,66.29960937,2.113888873,7.705561606
649,8230,2.183457959,48.0015131,0.99000001,8.14668189
650,8232,2.113607419,39.0280339,0.99000001,8.144822225
651,8241,4.014114493,48.41796976,17.81500057,5.344018897
652,8535,2.768099007,2.830283511,13.71350038,6.256491836
653,8536,3.53371259,43.23090198,7.190000212,6.831585858
654,8723,2.902434665,5.322449526,13.9435004,5.999938153
655,8725,2.649415356,26.87543233,7.036000216,7.278851808
656,8731,2.767969078,8.195685185,18.32850046,5.154189868
657,8751,3.321191883,30.52062789,16.11700042,5.390990074
658,8762,2.75419082,2.698664488,14.35150033,5.577987621
659,8838,2.656657386,2.161332774,16.64000059,5.629095091
660,8839,2.776268137,1.482257988,15.95150051,5.671893256
661,8841,3.072381675,13.58049746,5.299000001,7.612308953
662,8842,3.408151996,21.07551622,19.10150056,5.039215394
663,8846,2.678631288,23.17743094,2.585000038,8.0261328
664,9033,7.615383911,939.1999115,0.0,13.78912944
665,9034,7.106919909,884.139241,0.0,13.36854972
666,9042,7.25224576,704.0930099,0.0,12.74505463
667,9045,5.912627208,665.3766159,0.0,11.9974055
668,9046,7.700919843,1071.096884,0.0,14.25067274
669,9273,2.782927268,2.192989329,10.52111142,6.703434214
670,9445,2.729604083,4.97796461,19.47600071,5.140893638
671,9450,2.762268166,23.96210657,5.985000193,7.385383118
672,9453,2.738315076,16.04698222,18.69050068,5.219953481
673,9454,3.059917474,17.78420002,16.77050042,5.312786006
674,9455,2.34257815,18.90075708,12.25950042,6.348024337
675,9460,2.852986568,27.07291301,8.315000217,6.819095436
676,9461,2.304830056,2.318708062,7.942500222,7.196980507
677,9462,3.167144454,5.966380963,15.35550044,5.797858153
678,9491,6.110169363,284.5723747,0.0,9.763470456
679,9500,5.827091193,396.8630902,3.511999893,10.52309562
680,9642,7.648443723,849.2274994,0.0,13.58742356
681,9662,7.346691704,710.2265106,0.0,12.85434017
682,9666,7.986169791,977.380127,0.0,14.19829372
683,9680,8.272960448,1036.431067,0.0,14.41700099
684,9681,8.50952096,1174.316956,0.0,15.01871766
685,9688,8.45854443,1099.965939,0.0,14.76302495
686,9691,8.270732975,1008.605912,0.0,14.32220471
687,9720,2.243749079,9.396954644,1.39000001,8.137959123
688,9764,7.691193151,865.0184723,0.0,13.64672716
689,9838,8.945238614,1715.456525,0.639500007,15.06739841
690,9870,13.48133812,2029.706511,9.387500021,15.1964305
691,9874,12.45656747,2041.21656,9.636250079,15.08812621
692,9893,13.56429381,2043.910425,9.621000051,15.14485699
693,9900,12.7898664,2037.83562,9.97750001,15.16992353
694,9912,13.6520946,2060.731689,10.93600004,15.20639536
695,9916,13.11424603,2048.124774,10.61000001,15.15696242
696,9918,12.66295462,2043.230719,10.37050004,15.12613745
697,9919,12.75383654,2039.583472,10.05050001,15.16773538
698,9925,14.13390293,2036.699725,11.22761915,15.09559889
699,9926,15.57691426,2046.670398,13.23150003,15.15451746
700,9927,15.43641467,2069.620874,14.06736831,15.24565228
701,9928,14.41363988,2032.921228,11.99299991,15.13184881
702,9929,14.20126615,2044.823473,11.97150009,15.06738934
703,9930,15.90415277,2028.645532,14.32400012,15.1313096
704,9931,14.78746986,2039.167834,12.48849998,15.16530982
705,9933,13.81266022,2040.191162,11.03150005,15.11665593
706,9934,12.46101315,2012.244684,9.662499982,15.13980769
707,9935,13.18136811,1993.355444,10.42150006,14.99104142
708,9936,14.03412914,2048.758655,12.02649999,15.18045384
709,9937,14.51439705,2058.855774,13.61950011,15.20238058
710,9938,17.92054157,2071.543732,16.34549999,15.27121671
711,9939,17.20781565,2036.5151,16.21749997,15.15753762
712,9940,17.10562925,2059.99754,16.13800001,15.20650765
713,9941,15.9855866,2045.121576,14.8865,15.14430025
714,9942,17.368437,2056.63999,16.76950006,15.14385071
715,9943,16.8237577,2070.052509,16.02749982,15.24034618
716,9944,16.58376307,2063.525824,16.5460001,15.2074711
717,9945,16.85581512,2029.24574,16.02300019,15.07958476
718,9946,15.3614224,2034.489307,13.66499979,15.19955921
719,9947,14.06986208,2042.785736,12.27150011,15.09211399
720,9948,17.73231764,2055.522253,17.34199991,15.21354501
721,9949,18.18128877,2050.556128,18.25000005,15.17063221
722,9952,20.05073695,2020.204993,19.17749991,15.09410468
723,9953,17.66874104,2062.181812,17.20949984,15.22096847
724,9954,15.37010984,2062.013782,13.33450005,15.19524094
725,9955,14.80722036,2050.93761,12.04050002,15.18502459
726,9956,13.56472077,2050.489404,10.89850008,15.14112349
727,9957,17.40877328,2050.215747,16.6454998,15.15520415
728,9958,18.42388239,2023.830353,18.47650003,15.00782901
729,9959,18.21688983,2046.268121,17.40105268,15.1889084
730,9960,16.71819258,2056.849314,14.65149999,15.16947891
731,9961,16.35583401,2037.414648,15.68700004,15.16101596
732,9962,17.42145143,1974.267755,17.83650007,15.00625956
733,9963,17.55822001,2043.957916,16.79499984,15.22793725
734,9964,18.12036657,2006.298438,17.823,15.0710557
735,9965,19.13497472,2059.807593,18.73200002,15.24645768
736,9967,19.68798828,2057.141541,19.30849996,15.16071618
737,9968,18.89713306,2031.036768,18.78450007,15.13734108
738,9969,18.29112325,2035.760162,18.13400011,15.10187906
739,9970,19.35627661,2012.50506,19.03550014,15.08003756
740,9975,18.37136881,2050.2328,18.33199997,15.13747622
741,9976,17.69251971,2048.393707,17.17449994,15.13104124
742,9977,18.03570313,2058.759747,17.24850006,15.25828654
743,9978,16.00715618,2029.605316,15.14842109,15.15644403
744,9979,18.33274026,2052.951672,17.2335,15.17929418
745,9980,16.68110476,2067.687335,16.46500006,15.22735137
746,9981,16.91159328,2041.255493,16.97277795,15.11219159
747,9982,17.23589104,1991.241539,15.33105268,14.99992278
748,9983,15.8824533,2033.623334,13.94249992,15.10187276
749,9984,17.21516652,2038.153601,16.14650011,15.15828641
750,9985,17.85239863,2055.131689,16.10499988,15.14493938
751,9986,16.12894454,2029.286255,14.15049977,15.08816783
752,9987,16.57791595,2057.998914,15.73100007,15.22294553
753,9988,18.74904137,2051.667993,17.17199988,15.13751717
754,9989,15.4639246,2046.408472,13.248,15.18793796
755,9990,13.8381465,2019.610107,11.58899996,15.05252548
756,9991,13.80053883,2057.454718,10.49550006,15.15414146
757,9994,14.38518327,2045.751278,12.18733333,15.15544456
758,9995,13.3484657,2044.702148,9.711176564,15.10314082
759,9996,14.59475393,2057.41521,12.72450011,15.14883135
760,9997,15.29092202,2052.067102,13.23599987,15.15504813
761,9999,13.37129116,2052.93278,11.34611111,15.17740821
762,10001,14.38659406,2041.541522,12.34299991,15.16039243
763,10003,14.32091994,2046.918994,11.74699998,15.14016049
764,10004,14.48798232,2012.698181,12.14200003,15.05614449
765,10023,13.72057166,2031.067743,10.88250009,15.14191751
766,10025,13.33320951,2048.90752,9.634000075,15.12057191
767,10041,16.36238661,2050.111145,13.98399994,15.13918483
768,10042,14.79888597,2063.070679,13.39649994,15.20495899
769,10043,12.24691329,2049.407965,9.52300005,15.07912141
770,10054,10.04166973,1953.382556,1.57650001,15.10906653
771,10061,10.38292279,1994.103479,2.401499981,15.18720335
772,10064,10.22480731,1936.685675,1.464736837,15.17608552
773,10076,12.8693881,2071.330328,9.854999924,15.24290358
774,10078,12.95379176,2068.571442,9.988999963,15.22578152
775,10079,13.06071196,2055.602246,10.7165,15.11999586
776,10086,9.547071934,2001.028204,2.860500008,15.16171253
777,10090,10.02448075,1949.255713,1.207500014,15.14225337
778,10091,9.688629556,1994.745331,1.369999999,15.16229448
779,10092,10.07070146,1993.608368,1.669500014,15.1633637
780,10093,9.656609273,1949.795087,1.054500003,15.14940718
781,10111,9.723564196,1658.315613,0.132000003,15.15710771
782,10114,8.673854828,1775.731915,0.297500004,15.17437644
783,10145,12.75461631,2053.124506,9.896500075,15.1336019
784,10146,14.73649745,2058.10191,13.63300004,15.16313897
785,10147,12.31379399,2070.156555,9.490000081,15.25583692
786,10151,12.69566169,2052.076184,10.00650003,15.14288709
787,10152,15.25019593,2056.797418,13.57700019,15.13275978
788,10166,14.06830297,2050.708704,11.55700001,15.16831966
789,10169,12.8453126,2062.279486,9.87700007,15.15254103
790,10185,9.243983388,1910.442749,1.351000026,15.12940836
791,10236,15.18131056,2052.277313,12.90900002,15.17659941
792,10238,14.53366475,2048.166431,12.32399991,15.1935588
793,10239,14.05287738,2063.639471,11.80149999,15.19681093
794,10243,13.41646194,2076.354102,10.36100001,15.26669665
795,10247,13.32093949,2037.606714,9.529000002,15.12724239
796,10253,13.4371223,2051.793359,10.25900004,15.13243344
797,10254,13.31227083,2045.280017,10.10900002,15.15325145
798,10257,13.31468415,2069.348792,11.50549994,15.22980429
799,10259,13.13516603,2054.040625,10.46300001,15.16322462
800,10260,13.34653726,2052.743042,11.52199999,15.1225976
801,10264,14.78468556,2042.655542,12.67049994,15.13554034
802,10265,13.94799933,2057.142072,11.4404999,15.18228149
803,10266,13.89975533,2048.752222,11.48200009,15.09947053
804,10267,13.29821901,2065.473212,11.20800002,15.22320454
805,10268,13.85524235,2050.018829,11.05850005,15.18562089
806,10269,15.37584534,2062.80658,12.56800005,15.19869393
807,10270,15.02620206,2036.289423,13.89099998,15.14298803
808,10271,14.45690894,2050.874109,12.43900006,15.14511967
809,10272,14.58307829,2050.429144,12.87500007,15.08799832
810,10273,14.16774235,2063.315009,12.25799992,15.18551239
811,10274,13.85167851,2066.278851,11.9450001,15.24904847
812,10275,13.68897829,2058.613037,10.92149999,15.18959999
813,10276,12.59143343,2053.828296,9.857000041,15.14951228
814,10277,13.37881751,2048.422015,10.01399996,15.08344701
815,10278,14.11719661,2064.246588,11.21049991,15.1877608
816,10280,14.61704769,2037.870825,11.97150002,15.12374291
817,10281,14.21405587,2021.340875,11.45800005,15.09111965
818,10282,15.30120965,2059.382928,13.47000005,15.23856917
819,10283,14.54192529,2062.992267,12.5105,15.21436527
820,10284,13.45182371,2045.516882,10.21700006,15.13260721
821,10286,14.96465519,1930.35638,14.20999994,14.72135845
822,10287,13.68306752,1903.209076,10.35999993,14.945723
823,10288,13.5652726,2051.114172,10.93349991,15.14519835
824,10289,13.28817478,2005.547772,9.73300001,15.17411305
825,10296,13.65404363,2053.510803,10.43299992,15.17573597
826,10298,11.83397191,1838.783328,8.696999965,14.50009485
827,10299,13.33731174,2021.376105,9.504999983,15.03910196
828,10303,12.60674734,1714.220856,10.12249993,14.04150157
829,10313,13.48271184,2033.538007,9.441499984,15.1151446
830,10329,9.419194794,1617.699835,0.151500005,15.10131803
831,10342,10.15560632,1934.178027,1.069999986,15.13894571
832,10343,8.97956059,1779.848126,0.45400001,15.14462963
833,10362,10.35248013,2005.958069,2.320500016,15.16537432
834,10363,10.3921854,1991.074597,1.167000012,15.15427798
835,10364,9.878078341,1825.888348,0.712499993,15.15373975
836,10375,8.613415241,1222.835413,0.0,14.54428299
837,10403,8.995078874,1784.001685,0.267000005,15.16124547
838,10404,9.424448037,1721.791168,0.146500001,15.15087953
839,10485,9.792152619,1859.277448,0.750000001,15.19127628
840,10490,7.862413645,1392.697006,0.074499998,14.83547209
841,10491,6.705208826,974.8991577,0.0,14.15653007
842,10506,8.615921235,1643.408673,0.849500003,15.07685275
843,10509,9.642483115,1959.432867,2.42550002,15.16608498
844,10513,9.781813288,1991.298157,2.353000007,15.16284129
845,10523,8.995320153,1768.799744,1.038499986,15.16254392
846,10583,6.300434852,837.4713408,0.066000003,13.33941427
847,10584,5.733870339,736.6743271,0.0,12.40306748
848,10595,7.303886604,823.8467682,0.0,13.04066174
849,10702,4.953669846,458.7796555,0.0,11.25909917
850,10739,7.387027919,1248.813681,0.085999997,14.52764404
851,10743,6.714174557,1037.709399,0.038,13.97995064
852,10749,5.388979125,635.9394623,0.0,12.35069413
853,10824,3.619434488,232.3261124,0.0,9.230447441
854,10828,5.825678323,326.8789658,0.0,10.19423072
855,10834,5.75137471,307.9763336,0.0,9.952884704
856,10852,3.873085874,106.0415972,7.661500299,7.084390819
857,10865,2.303929908,0.167692378,16.01809564,5.952669715
858,10873,2.524032283,3.36227352,10.67500013,6.191650355
859,10887,2.774150965,47.39185209,5.30750017,7.56257483
860,10953,3.517266458,217.9532576,0.056500001,9.163953871
861,10979,5.041637659,497.6440226,0.0,11.43224493
862,10980,5.898074269,799.1148132,0.0,13.32674477
863,10983,5.015817142,528.8523499,0.0,11.72863971
864,10984,3.277086258,216.1552399,0.0245,9.054946795
865,11074,7.110242462,1112.778101,0.0,14.3151868
866,11079,9.836424065,1934.605396,1.546500009,15.19066027
867,11081,9.102759862,1737.412512,1.124500012,15.14995573
868,11085,9.407388997,1913.822168,1.253000005,15.14461103
869,11086,9.404344964,1888.724698,1.080000009,15.10168393
870,11266,2.8744847,2.963196459,19.7585006,4.766382292
871,11277,2.635467035,7.295622593,8.404000109,6.625586327
872,11304,2.90016723,23.61298195,9.584000206,6.881538067
873,11307,3.357042921,36.23363784,9.204500222,6.652158553
874,11355,6.329522407,827.237886,0.041,13.10983206
875,11360,6.05134474,747.3375122,0.0,12.9105708
876,11362,5.482496965,608.7313858,0.0,11.96122541
877,11365,5.505811471,557.7683579,0.0,11.75461382
878,11499,2.927721792,13.69950027,13.1695004,5.942707228
879,11512,2.283658415,71.14295979,0.608000009,8.228662446
880,11527,2.588277984,7.261465278,18.11800063,5.217260689
881,11578,2.166471094,1.596900511,12.1760003,6.506903412
882,11696,3.379340696,34.25584912,15.44750049,5.661677448
883,11727,8.046590757,1085.794652,0.0,13.91233787
884,11734,9.355154204,1782.856201,0.656499989,15.15110515
885,11736,9.638622141,1885.670264,2.162999973,15.20661888
886,11737,10.18508363,1937.2453,2.138000028,15.1239097
887,11742,10.27002559,2022.699261,3.116999993,15.15270048
888,11745,9.538815737,1866.810201,1.364444451,15.19055655
889,12030,6.51557436,842.9296272,0.016500001,12.84366757
890,12139,9.671552014,1954.245837,2.966000004,15.16694605
891,12141,9.52101016,1946.947131,2.686499998,15.16890103
892,12153,13.05943091,2031.928839,9.074000025,15.12439531
893,12157,12.97021968,2045.401685,9.243999994,15.09152006
894,12161,13.03839979,2054.549097,9.557999992,15.19392863
895,12162,9.389253569,1905.917841,1.832999984,15.14540206
896,12201,10.30342248,1985.02005,2.993499966,15.19831896
897,12209,9.429868412,1833.610184,1.428947367,15.15210332
898,12232,9.738785481,1894.373254,1.253500003,15.1100775
899,12233,9.697223902,1983.27915,2.528000004,15.20328864
900,12236,9.671143699,1940.662622,1.656000023,15.1350401
901,12237,9.897513247,1950.052802,1.579000002,15.15505895
902,12238,9.097599649,1811.72251,0.579499993,15.14591441
903,12239,9.530532694,1864.194482,1.0905,15.16281241
904,12243,8.604022717,1677.749548,0.565500009,15.12637688
905,12245,9.789126968,1978.207373,1.668000016,15.17257704
906,12249,9.956226492,1983.801471,2.129999991,15.17756796
907,12252,10.23657584,1990.618439,3.207500002,15.19548994
908,12260,10.04785094,2022.620813,3.689500019,15.16720587
909,12262,9.911546612,2016.751953,2.295000014,15.14302933
910,12266,12.17904882,2062.981604,9.422999978,15.18080896
911,12267,11.92942023,2053.00824,9.397500062,15.14907517
912,12268,12.10012107,2060.796222,9.474500108,15.15910265
913,12269,11.27919431,2062.082599,8.226999998,15.17832036
914,12271,12.76018496,2055.151959,9.653499889,15.12577683
915,12278,9.658428311,1967.709546,2.013999996,15.11831403
916,12279,10.10958986,2003.406653,2.104999995,15.15851596
917,12280,9.937756872,1995.383423,1.932500017,15.12244231
918,12281,10.23967588,1982.046686,2.343500016,15.12504601
919,12282,10.54874141,2005.520001,2.452500015,15.17058992
920,12283,9.969275951,1917.744171,1.459000005,15.16197833
921,12296,7.049877429,1028.613223,0.147500002,13.85058072
922,12406,12.55629451,2038.518036,9.494499993,15.21781714
923,12413,12.17284875,2040.327771,9.116500044,15.17136155
924,12429,12.73791003,2051.495142,9.617499924,15.21858448
925,12430,12.16991608,2054.168134,9.000999999,15.176337
926,12453,13.46713796,2052.099628,10.96950002,15.12711838
927,12455,13.02083969,2044.285492,10.17349994,15.10166457
928,12456,13.45958285,2050.218414,10.09699998,15.17040843
929,12457,15.24820971,2048.082123,13.61999996,15.1301199
930,12459,12.67258849,2052.357349,9.755000043,15.1753259
931,12461,12.88022881,2042.533398,10.21400001,15.11583491
932,12462,12.95132313,2062.38775,9.875999975,15.21708365
933,12465,13.30926375,2046.364166,10.02849997,15.17588143
934,12466,13.04105415,2036.548181,9.443500054,15.1052219
935,12487,10.58510551,1916.717651,2.37999997,15.17388278
936,12499,13.19471455,2048.217102,9.371500039,15.12122132
937,12507,10.10043852,2002.299091,3.2535,15.14896408
938,12508,10.58746295,1906.364941,2.530500002,15.20401338
939,12560,9.686160707,1692.328888,0.356999999,15.15131101
940,12590,9.93009069,1853.135925,1.262999997,15.1646668
941,12591,10.00263298,1832.582617,0.893500007,15.14197786
942,12594,10.13429663,1719.097891,0.861000001,15.08374451
943,12600,10.1842484,1828.377264,1.624499989,15.136678
944,12606,10.31838093,1809.7367,1.664499989,15.14892644
945,12611,10.31576362,1858.882092,2.145000015,15.16823624
946,12614,9.882551861,1748.904263,1.08049999,15.10259606
947,12615,9.716937304,1681.925034,0.951999992,15.08705878
948,12640,5.836218766,295.5370808,0.0,9.938119613
949,12654,6.664946747,493.65457,0.0,11.60121511
950,12701,8.486317825,1121.592651,0.0,14.97151409
951,12732,2.024859342,6.049768841,12.22300042,6.41014192
952,12734,2.862744021,18.9137199,15.40600039,5.555695066
953,12738,2.529325467,12.10524232,17.90850061,5.458437514
954,12740,3.522787491,51.38788127,13.96111155,6.019239432
955,12838,7.90559001,802.1212646,0.0,13.51024018
956,12876,2.335058028,3.598098862,1.46500001,8.144325927
957,12887,2.888742489,3.570407954,19.74350051,4.828716567
958,12897,2.257534604,6.569038348,8.927778072,6.919845579
959,12943,2.334148443,0.26675,1.49000001,8.142175868
960,12952,5.05348593,207.4578349,6.77600019,8.359272955
961,12968,6.717924094,984.8101074,0.0,14.1812662
962,12970,7.042489409,1105.968091,0.052499998,14.32868028
963,12973,6.272349882,816.9183044,0.0,13.41166618
964,13002,9.866532636,1755.58092,1.467,15.12004705
965,13008,9.667208409,1829.804462,1.574500002,15.16348632
966,13009,10.2232667,1885.97326,2.063499999,15.1879427
967,13010,9.643652678,1870.488544,0.782000005,15.14609197
968,13012,9.610213586,1677.725394,0.314999998,15.11912527
969,13016,10.18020172,2011.969916,2.762500014,15.17831701
970,13023,9.460292387,1831.785474,0.46500001,15.13824132
971,13026,8.329854488,1540.989453,0.0085,15.03950724
972,13079,9.596726751,1813.503436,0.736000003,15.14965805
973,13080,7.839488947,1276.318405,0.186500001,14.12911342
974,13091,8.654994362,1407.552715,0.266499999,14.44120909
975,13290,6.928849828,1063.00425,0.063684209,13.89975979
976,13304,5.427477705,627.34422,0.0,12.22298576
977,13373,2.107147595,4.662360072,1.49000001,8.171658039
978,13374,2.045445764,13.22168009,1.46500001,8.154830217
979,13376,2.073679373,21.61662965,1.36500001,8.181229502
980,13377,2.071656042,11.3672034,1.41500001,8.143812463
981,13428,5.785935151,292.2377327,0.0,9.780486618
982,13532,9.470668674,1583.989063,0.908500016,15.10434401
983,13541,10.16468346,1927.750055,2.455500025,15.16521496
984,13543,10.00474889,1886.666876,2.281999992,15.13167889
985,13546,10.41453462,2014.904333,3.694499994,15.15349442
986,13547,10.16147215,1934.133765,2.451500013,15.1685717
987,13554,13.58959451,2071.13454,10.58550003,15.23036899
988,13556,13.08898253,2044.217194,10.81349998,15.110765
989,13558,13.74806275,2037.677686,12.56050005,15.13110942
990,13559,12.68751268,2060.983539,10.30099998,15.20791134
991,13560,12.95804262,2053.942468,10.3295,15.22525661
992,13561,15.04175754,2048.784241,13.48550014,15.15961549
993,13562,13.79732752,2057.09566,12.06700013,15.19201013
994,13563,12.46155162,2064.567242,9.595000041,15.21665744
995,13567,8.087785072,1423.707655,0.497222207,14.50058142
996,13575,5.727150571,754.2953354,0.0,12.88872944
997,13582,9.519599366,1621.471368,0.423999996,15.07424891
998,13597,6.77904489,594.5849049,7.801000071,10.98594528
999,13605,9.387490106,1783.339075,1.336000009,15.11188482
1000,13616,6.809789979,1083.836057,0.194,13.65038596
1001,13620,7.477821416,1269.801585,0.101111107,14.43966006
1002,13622,9.130046749,1626.616281,0.894500011,14.73711513
1003,13624,8.595780873,1472.827878,0.513999999,14.61411859
1004,13625,7.453463197,851.4907433,0.0,12.9231846
1005,13627,5.694313693,667.5641174,0.0,12.48226292
1006,13640,5.673894835,658.9043472,0.0,12.37454921
1007,13643,7.020084405,752.2428436,0.0,12.08461583
1008,13667,9.18454628,1656.942804,0.0935,15.16431874
1009,13682,7.650782514,1182.349841,0.0,14.86909564
1010,13740,6.04025643,815.2268804,0.0,12.76036074
1011,13755,7.881959796,1329.600827,0.322999996,14.43202664
1012,13765,6.308732319,800.4075897,0.0245,12.45382154
1013,13767,8.173651099,1320.84124,0.175,14.45956059
1014,13770,9.139457929,1382.270133,3.532499969,13.70737472
1015,13779,13.25903363,2053.274994,10.86400007,15.11419523
1016,13780,10.5706825,1917.960217,2.69350002,15.18275258
1017,13781,9.174763727,1647.961307,0.854500019,14.86834225
1018,13797,2.973347962,85.86804028,0.489000005,8.258075953
1019,13798,2.842185444,84.36718369,0.468500006,8.179311678
1020,13805,5.944257736,315.4378754,0.0,9.980633453
1021,13914,8.659524488,1245.873926,0.423999995,14.71534136
1022,14026,8.244466996,1095.813876,0.0,13.84824626
1023,14030,9.56249752,1725.035065,1.696499997,15.08146888
1024,14031,9.325120091,1694.116809,1.148500001,14.97910126
1025,14032,9.159171247,1673.914532,0.669499987,15.14136949
1026,14033,9.433636594,1730.001691,0.626499996,15.10554644
1027,14034,9.761710117,1755.758569,0.510000002,15.13553314
1028,14035,9.299225426,1491.173978,0.94210527,15.03744784
1029,14036,9.007293034,1461.464154,0.672999998,14.84602318
1030,14037,9.1378618,1556.324084,0.357000005,14.836219
1031,14038,9.003302026,1682.778128,0.949499992,15.08275455
1032,14039,9.372435808,1594.602106,1.158999991,15.04608053
1033,14040,9.155737352,1683.992981,0.772499999,15.11884604
1034,14058,8.436291862,1266.339732,0.062631579,14.42621935
1035,14059,8.45793581,1502.090591,0.400952382,14.97868206
1036,14106,9.188351417,1505.049036,0.031,15.06097399
1037,14120,8.778844213,1655.983551,0.45750001,15.10580376
1038,14121,9.976311183,1889.195831,1.252499986,15.17621747
1039,14164,2.818666691,9.792336458,4.240999925,7.843889248
1040,14173,2.883299269,14.47275935,19.66421001,5.806341458
1041,14180,2.531584775,10.24160444,2.640500009,7.217494441
1042,14210,2.987956685,26.13805174,2.851499987,7.557681413
1043,14217,2.26067276,7.055909503,9.974500215,6.848232094
1044,14219,3.174976236,39.87379671,2.27842104,7.707897174
1045,14228,3.393652225,44.14911864,7.247000134,6.997238478
1046,14242,5.007371163,162.4626213,0.0,8.425570875
1047,14265,3.550349206,50.60494287,12.65750026,6.185755536
1048,14485,3.228802121,23.3547414,18.56600068,5.443613143
1049,14486,5.054678434,330.4049044,11.13950039,8.196538274
1050,14558,6.45457589,426.2330734,0.0,10.95658721
1051,14600,3.407904458,27.75339366,16.39950059,4.910297401
1052,14602,2.980661929,32.43438878,8.686500216,6.398507377
1053,14605,2.63485164,5.661382082,15.81000036,5.588363539
1054,14606,3.75859037,71.63957138,16.1925005,5.544615369
1055,14609,3.189315152,56.46770789,2.231000054,8.125905432
1056,14611,3.761151099,62.18308489,5.792500043,7.589097597
1057,14617,3.366698366,64.33796405,6.140000153,7.534541521
1058,14618,2.415418433,11.19583694,12.99055594,6.263425481
1059,14619,4.020743239,79.7652614,18.02050055,5.788967025
1060,14623,3.14526173,58.55629387,16.07700051,5.328844976
1061,14628,2.377509439,36.99926601,10.15150036,6.650883203
1062,14634,2.552913696,9.404987711,4.004500079,7.804346066
1063,14636,3.731101799,61.81553019,10.48500024,6.48383414
1064,14639,3.845210516,25.25252709,17.39300048,5.667711438
1065,14641,2.982648557,26.60172717,5.751500186,7.462272512
1066,14669,2.99131968,15.78663394,11.52200032,6.19148921
1067,14723,3.451042616,61.04073634,8.265000044,6.926777942
1068,14760,2.722896564,3.921498616,2.275999987,7.433881458
1069,14761,2.809013623,11.34872195,7.56350013,7.227454306
1070,14766,2.794597113,24.50415732,4.736000013,7.551576158
1071,14772,3.171168792,27.01106101,10.3585002,5.804857509
1072,14774,3.550249219,62.12442768,11.95300039,6.174303588
1073,14782,2.091476595,0.821737397,5.418000114,5.087379584
1074,14791,2.921240908,11.26603948,6.369500065,7.292412009
1075,14813,3.357017446,35.71865612,2.160500038,7.766710712
1076,14872,4.172916138,101.8390477,11.71100038,6.459176375
1077,14887,3.582345223,73.35453918,2.487999974,7.693112701
1078,14894,2.845274772,27.81331896,11.59500033,6.55386719
1079,14895,3.561733019,1.871194488,18.83450053,5.412661554
1080,14898,3.943371445,47.30621113,18.78500066,5.594660623
1081,14904,3.574126828,34.17212772,19.87900066,5.23098781
1082,14905,4.249579638,105.1809455,4.050999987,7.766946701
1083,14910,3.76438016,42.84325287,19.58800044,5.502605192
1084,15023,2.604166332,28.06805696,2.453157933,8.065812627
1085,15053,3.320946373,39.26891934,5.636842138,7.26900866
1086,15065,3.093054247,68.00984052,14.33700051,6.201605142
1087,15201,2.669933781,4.331671336,18.86500068,5.274260692
1088,15208,2.67745139,4.25660311,5.128000093,7.440370962
1089,15263,3.931430399,96.29924861,6.13600018,7.068481453
1090,15334,3.360922274,9.058895263,14.30000036,6.194335107
1091,15335,3.323500299,46.1686847,16.40450051,5.258369476
1092,15340,2.567690545,11.38504218,18.45250068,5.234829539
1093,15343,3.324876797,44.91378091,18.41750067,5.29614144
1094,15344,3.408057708,42.08072073,16.75150041,5.486638491
1095,15346,3.644533405,57.01273986,18.81800064,5.140642544
1096,15348,2.476627959,26.56655341,11.96600043,6.233002553
1097,15353,2.576333308,7.903093642,3.468999916,7.913290121
1098,15357,2.603343695,8.661398053,16.56500059,5.658749836
1099,15363,2.690309542,20.59168228,11.44700036,6.649388951
1100,15364,3.189078808,14.25107456,17.70300051,5.46191462
1101,15483,4.077788341,97.15662401,2.204499996,8.095695164
1102,15520,3.296640491,20.86663162,16.02800048,5.463902643
1103,15637,3.090214193,30.41557466,3.997499943,7.292727526
1104,15652,3.329265082,15.82774579,16.00850038,5.628331186
1105,15654,2.690812564,7.923559648,9.746000227,6.864312331
1106,15658,2.777563399,19.95982337,5.565000176,7.50321104
1107,15663,3.212363589,38.58850425,1.819999978,7.885255158
1108,15772,2.691680706,16.73032905,2.425000036,8.061139539
1109,15778,2.939603931,11.45916291,13.59950022,6.035122236
1110,15780,3.241269231,3.890590605,17.29000045,5.323221068
1111,15783,4.610447955,129.6317208,5.933000112,7.707680482
1112,15785,2.691556889,6.190042931,14.49000051,6.072710641
1113,15794,3.014242709,11.15657101,8.541000271,6.876743216
1114,15796,3.26183188,15.94518525,19.17150066,5.139870892
1115,15878,8.049208117,1164.176047,0.0,14.35129523
1116,15879,7.719018364,1159.971805,0.0,14.60629521
1117,15884,7.121472907,964.6617218,0.0,13.9483307
1118,15893,8.678811049,1418.611288,0.182499999,14.89465253
1119,15896,7.380159903,1024.652229,0.0,14.12445098
1120,15897,9.133926249,1562.916095,0.51949999,15.05956551
1121,15898,8.509910858,1470.644656,0.245500004,14.77429703
1122,15899,7.995562434,1136.284546,0.0245,14.3583983
1123,15900,8.633685517,1442.804352,0.415999997,14.9077722
1124,15901,7.173039556,993.171637,0.085000001,13.87845084
1125,15902,7.908003139,1282.443369,0.016,14.76603708
1126,15903,7.838635111,961.99729,0.0,13.53648113
1127,15904,8.873030353,1541.29678,0.386000005,14.74286047
1128,15905,9.066692924,1585.665961,0.563999998,14.88753229
1129,15907,8.341437531,1247.532687,0.0,14.74342771
1130,15908,8.538775492,1508.660019,0.219500004,14.91863063
1131,15909,7.965918231,1130.130219,0.064500001,14.49052316
1132,15910,7.881978393,1321.83576,0.164500003,14.82107297
1133,15912,7.253192472,958.6455963,0.0,14.09076878
1134,16123,7.586061279,727.1381276,0.0,12.96160027
1135,16249,7.305631542,656.4783676,0.0,12.58588569
1136,16251,8.152508354,1093.177698,0.0,14.78968495
1137,16252,8.959587312,1277.700305,0.0,15.14167222
1138,16253,8.314763355,1133.616345,0.0,14.89517257
1139,16261,8.424393296,1076.219891,0.0,14.70914353
1140,16262,8.855915666,1218.112579,0.0,15.10883251
1141,16265,8.246156216,1021.592969,0.0,14.23392829
1142,16266,8.101583189,998.5798442,0.0,14.31576774
1143,16267,8.875647712,1145.018484,0.0,14.92697507
1144,16268,8.337520742,1025.609421,0.0,14.45836768
1145,16269,7.866998601,898.4208984,0.0,13.86522952
1146,16425,3.109281182,140.2068329,0.0,8.273746222
1147,16474,8.448941524,1351.054026,0.079166666,15.07244244
1148,16494,6.009226406,688.1286179,0.0,12.54316217
1149,16497,7.49747498,1066.976389,0.0,13.87278208
1150,16501,7.773740625,1018.415773,0.0,13.74951509
1151,16502,7.914864937,1062.181768,0.047222221,13.96109963
1152,16514,8.087929416,1148.100162,0.0,14.31328015
1153,16515,8.140257096,1231.578979,0.005,14.77869965
1154,16524,8.28523035,1138.329568,0.0,14.3085106
1155,16533,7.561799852,1186.311316,0.0005,14.36804679
1156,16626,3.028178356,47.08554338,5.518947551,7.461897103
1157,16627,3.797287464,63.26637293,19.36350058,5.364042702
1158,16628,3.561412466,41.76337425,18.49200068,5.604099356
1159,16638,3.841779202,28.73133959,18.58950043,5.634349569
1160,16640,4.094337511,61.60243594,0.822500004,8.188797265
1161,16745,2.395456031,12.49360171,5.819473781,7.512692042
1162,16746,3.126845282,18.73753015,17.19500048,5.445202645
1163,16828,4.459452498,136.6541974,12.38100029,6.758829441
1164,16893,7.964024782,1218.252893,0.084500003,14.32843892
1165,16897,8.169158888,1220.711395,0.036000001,14.485311
1166,16898,8.595539594,1474.442902,1.009499991,14.61720648
1167,16899,8.280014086,1337.297043,0.390999991,14.59532149
1168,16900,9.374459195,1611.72428,1.578500006,14.91475779
1169,16901,8.900855446,1522.225052,0.949500004,14.95625938
1170,16902,9.023628044,1691.674255,0.524499999,15.13619006
1171,16903,9.127596474,1682.009302,0.411000006,15.12469979
1172,16904,9.21918385,1607.061172,1.031999996,14.91878513
1173,16905,9.437998652,1707.693607,0.951999983,15.07648806
1174,16906,9.004768443,1516.82038,0.520999999,15.01814966
1175,16907,9.613674021,1809.970935,1.274000008,15.17665341
1176,16908,9.68803544,1680.41886,1.425499991,15.03575107
1177,16909,8.691192174,1429.350751,0.472000003,14.69637971
1178,16910,9.237282252,1701.74473,1.750500011,15.06539007
1179,16911,10.5812072,1883.305078,2.652999968,15.1309576
1180,16912,10.91102579,2000.979663,4.215500015,15.21150412
1181,16913,9.971206522,1869.593817,3.169499964,15.14644951
1182,16914,11.18614073,2022.672589,5.778499985,15.15224245
1183,16915,11.75080892,2046.283569,6.098999971,15.15853085
1184,16916,10.25122173,1962.340094,2.794500023,15.13928086
1185,16917,10.29083416,1990.116394,4.032000001,15.18312022
1186,16918,10.84410801,1879.559174,4.677368387,15.15802239
1187,16919,10.17064199,1840.84801,3.561499996,15.16219296
1188,16920,11.03424377,2006.375305,4.934499963,15.15630837
1189,16921,10.26566341,1901.52261,2.808500018,15.15389188
1190,16922,10.35550585,1908.250458,3.135000008,15.13089135
1191,16923,9.759055686,1660.50415,1.356999998,15.09580176
1192,16924,10.8260839,1961.940448,5.087499936,15.15617815
1193,16925,10.93521259,1965.688013,5.719500053,15.15209922
1194,16926,11.69508743,2052.755377,6.92700007,15.14315334
1195,16927,11.66928523,2042.602728,6.459999967,15.17517793
1196,16928,11.64671345,1976.042303,6.391999912,15.0717326
1197,16929,10.64418988,1966.548071,3.990999985,15.11625449
1198,16930,9.765868139,1818.248654,1.536500001,15.13863999
1199,16931,10.88837967,1992.070166,3.407999974,15.17968288
1200,16932,9.441321421,1730.229507,1.005000004,15.08055206
1201,16933,8.696835065,1519.995425,1.076499993,14.77934928
1202,16934,9.762916565,1822.677557,1.378500001,15.13325027
1203,16935,8.975365543,1561.569974,0.623500009,15.1021484
1204,16936,9.703683662,1638.613303,1.19599999,15.07395852
1205,16937,8.754991412,1391.977261,0.382500007,14.72432792
1206,16938,8.679312205,1376.455203,0.482499996,14.71297047
1207,16939,9.189019918,1866.854675,1.738500009,15.1579468
1208,16940,10.24788055,1823.540283,2.414500004,15.05079344
1209,16941,9.699641734,1767.530724,2.840000011,15.02922926
1210,16943,9.095731343,1620.595053,0.549999993,14.90412665
1211,16944,9.76993621,1799.468281,2.15631581,15.14422299
1212,16945,10.12488539,1875.703815,1.548500016,15.13090946
1213,16946,10.08824301,1826.774023,1.987499993,15.12763363
1214,16947,9.60985024,1806.903107,1.47700001,15.16915731
1215,16948,9.643318391,1738.51958,1.071499985,15.11205027
1216,16949,9.099715543,1570.248422,1.156500003,14.91756079
1217,16950,10.58653479,2003.219946,3.457500011,15.14600444
1218,16951,9.696314335,1815.649298,2.076999971,15.05425353
1219,16952,7.892373466,1250.940869,0.126,14.68883716
1220,16953,10.09240108,1734.26463,2.190000007,15.00402738
1221,16954,8.343089604,1356.886255,0.673000021,14.45094095
1222,16955,8.128154421,1240.032785,0.482499999,14.14491101
1223,16956,8.373364997,1382.649503,0.122,14.74226457
1224,16957,9.028008771,1624.498126,0.461000003,15.09390923
1225,16958,8.962928605,1579.595416,0.447500004,15.07445034
1226,16960,8.634892058,1477.112149,0.459000002,14.83603844
1227,16961,8.182691026,1268.042767,0.152000001,14.08749144
1228,16962,9.486465287,1818.837173,1.496499985,15.13194506
1229,16963,8.785303998,1645.521478,0.709500003,15.03677702
1230,16964,9.453015804,1709.833612,0.666000004,15.11848846
1231,16965,7.828904453,1192.627221,0.032631579,14.3161957
1232,16968,6.53476795,841.1476303,0.0,13.2736524
1233,17001,8.021494269,992.4086945,0.0,14.2333535
1234,17013,8.312294436,1232.051184,0.0,15.07818885
1235,17014,8.214358664,1128.450684,0.0,14.78146532
1236,17015,8.150782013,1113.101465,0.0,14.77208926
1237,17053,3.855816174,73.69038314,12.06900039,6.265174376
1238,17068,2.899379408,24.89339301,7.967500252,7.104975259
1239,17074,6.515694208,640.0568145,11.38055588,9.203278292
1240,17075,7.340566039,1020.437321,0.192500001,13.07631929
1241,17130,3.075524521,15.39865713,5.211000097,7.306437531
1242,17134,3.229186416,20.07453768,18.84100064,5.019285215
1243,17152,2.95700165,13.68540286,13.56700033,5.925460311
1244,17195,2.81075868,13.08608045,6.990000208,7.230948148
1245,17197,3.602956903,28.69922566,13.77250041,6.151936739
1246,17199,3.305752712,14.01855362,11.88700031,6.489000415
1247,17200,4.251833057,99.151077,13.75800049,6.321328461
1248,17203,2.729331064,3.732155436,7.904000282,7.021812882
1249,17210,2.345835786,6.630146569,14.04850042,6.092033423
1250,17212,3.14603644,6.081322449,19.92700056,5.055189407
1251,17215,3.840902424,48.3699749,18.79450069,5.165161053
1252,17219,2.411405018,4.506231862,14.46700051,5.851988662
1253,17220,3.657264421,50.50471545,17.87500063,5.076414458
1254,17231,3.675077343,46.60256146,13.62550038,5.897917145
1255,17284,3.363031889,50.22933172,4.517894787,7.462965575
1256,17290,3.076181352,36.95161266,4.916000089,7.364277447
1257,17386,2.234015912,7.368806416,5.532500094,7.012215368
1258,17399,2.808098584,4.796912967,12.50900043,6.164080957
1259,17402,3.352204561,23.67871314,12.06550041,6.215897882
1260,17449,3.623837662,40.38237921,12.35850035,6.09556062
1261,17478,2.422887802,2.871060306,14.46650051,6.074634174
1262,17480,2.579070577,1.698777527,16.79700047,5.486399501
1263,17490,2.7159154,29.72226911,7.103500164,7.458394462
1264,17545,2.229663694,0.576802097,7.521500123,7.277642017
1265,17623,7.777991462,1177.154286,0.280999994,14.08056892
1266,17625,7.937888861,1264.204007,0.172999999,14.35971111
1267,17627,9.460607743,1852.581598,0.71950001,15.18177898
1268,17628,10.10110681,1859.0896,1.801999992,15.13459499
1269,17631,9.499384761,1504.86601,0.454999995,14.9653649
1270,17635,9.11925218,1618.783978,1.730000008,14.84051366
1271,17636,10.55300288,1830.934515,4.31500001,15.16587169
1272,17637,10.42329621,1958.090515,2.743000004,15.13270274
1273,17638,9.78342824,1770.623895,2.287499972,15.11278041
1274,17640,9.299336743,1402.601028,0.117999995,14.86219937
1275,17641,9.496581936,1773.212607,1.779999989,15.08450237
1276,17645,9.515719962,1566.584113,1.794000018,14.72789647
1277,17646,11.18467417,2062.77511,5.775999987,15.23155421
1278,17647,10.1076221,1850.765942,1.429499992,15.18410853
1279,17648,9.435288453,1747.922034,0.619499997,15.15401204
1280,17650,10.21485789,1820.797919,2.879500003,15.11036052
1281,17651,10.71266694,1996.26004,4.866000062,15.15311949
1282,17652,12.030883,2045.890924,7.583500051,15.11905494
1283,17657,14.1614156,2036.740486,12.23823536,15.18690479
1284,17659,12.27446005,2056.468237,8.782499975,15.24695264
1285,17663,13.80926342,2046.792572,12.30249999,15.2380591
1286,17666,14.01417465,2025.183954,9.935500121,15.18449382
1287,17667,12.75482049,2062.459247,10.10850009,15.26536354
1288,17668,13.78320141,2045.173303,9.959500051,15.16187632
1289,17669,13.67789655,2040.041235,9.862000036,15.1988115
1290,17670,14.49408937,2059.692883,10.89249995,15.16658463
1291,17671,13.82177434,2037.124994,10.69249992,15.19779199
1292,17672,13.5152236,2034.970538,11.46849992,15.12720019
1293,17673,14.25982825,2055.787964,12.77600007,15.1839361
1294,17674,14.54307797,2044.262531,12.65499997,15.08756393
1295,17675,14.87712655,2051.165948,13.03899994,15.2435406
1296,17676,13.95486751,2049.91535,13.39850006,15.17907192
1297,17677,14.37480707,2030.382147,12.05200005,15.23214184
1298,17678,14.89078865,2055.316876,13.04099994,15.19916815
1299,17679,14.55495582,2044.59995,11.86684217,15.18742604
1300,17680,14.0092742,2003.35495,10.94150002,15.12898904
1301,17681,13.35099216,2036.666119,10.79199996,15.1460208
1302,17682,15.11255488,2045.792749,12.73300009,15.14274712
1303,17683,14.82038116,2037.23595,11.84799998,15.21206899
1304,17684,13.18302026,2006.167712,10.43949983,15.17904907
1305,17685,14.89193983,2022.549841,12.679,15.02608462
1306,17687,13.54556437,2043.310754,9.726500034,15.09483433
1307,17689,14.40515656,2052.507233,11.25150001,15.17545786
1308,17690,12.37605262,2052.933533,8.79100008,15.17597321
1309,17691,12.40666227,2029.103278,8.013499951,15.1464069
1310,17692,10.40944858,1992.547668,4.025999997,15.120318
1311,17693,10.60201592,1980.477039,5.869999996,15.13587606
1312,17694,11.78103653,2039.606976,7.892000008,15.1706066
1313,17695,11.73868702,2054.831335,7.816499978,15.15446775
1314,17696,12.37540283,2038.979517,8.15999999,15.1218845
1315,17697,12.08207831,2057.81861,7.365499949,15.18458287
1316,17698,12.15637031,2042.673044,9.302631516,15.13396128
1317,17701,11.84720693,2044.077411,7.578500003,15.13358071
1318,17702,11.53131049,2040.635583,6.040000027,15.13879386
1319,17703,11.82697387,2049.829987,6.854499972,15.14327252
1320,17704,11.10927348,2032.580823,5.198500047,15.1612663
1321,17705,12.03814073,2012.501868,6.114000013,15.12874295
1322,17706,12.4173727,2045.008447,7.519499993,15.16639794
1323,17707,12.46908002,2044.017676,7.880999994,15.19941647
1324,17708,12.04977946,2035.625165,8.140500033,15.10775806
1325,17711,12.81475887,2023.025256,7.089523852,15.09237226
1326,17712,12.35127163,2052.054797,8.322500026,15.24402688
1327,17714,13.86663995,2058.252344,11.85599995,15.21808054
1328,17715,14.71385102,2016.581601,11.68368412,15.02690307
1329,17716,14.1765223,2055.170648,12.24650002,15.13780922
1330,17718,13.49678211,2056.894537,10.10800004,15.21290624
1331,17719,14.15716162,2057.488336,10.99249995,15.22517422
1332,17720,15.48087206,2036.882727,14.01599996,15.05568646
1333,17721,14.44421215,2026.652222,12.16600003,15.04553899
1334,17722,14.53891783,2016.57005,11.92850001,15.10934275
1335,17723,12.06273615,2041.614655,7.928999984,15.14947942
1336,17724,13.35195742,2047.557141,9.093999961,15.14985685
1337,17725,13.34536781,2064.306348,10.42199991,15.19694303
1338,17727,11.58334105,2006.463312,6.175499964,15.15900515
1339,17728,11.02590914,2044.710742,5.674500048,15.12034915
1340,17729,10.60227578,1986.565698,3.893000001,15.1107966
1341,17730,10.51380696,1955.774432,2.638500026,15.18149632
1342,17734,11.0235702,1989.968054,4.345499992,15.1462584
1343,17735,11.00704975,1997.355353,4.594500033,15.15227509
1344,17736,10.94954309,2031.356891,5.192000043,15.13449655
1345,17737,12.45607553,2027.67019,7.495499957,15.13689356
1346,17738,12.86433933,2049.421832,8.14000003,15.2188468
1347,17739,12.37191315,2038.415576,8.245999971,15.15753807
1348,17740,10.53873629,1909.993922,2.562631555,15.15287678
1349,17741,10.57608409,1929.23703,3.584499997,15.16566052
1350,17742,11.75248251,2045.962433,5.776499969,15.21860138
1351,17743,10.96372485,2024.766187,5.26050002,15.14309192
1352,17744,12.92999473,2069.932996,8.254500008,15.22148444
1353,17746,12.68368878,2043.913629,9.382000113,15.11813159
1354,17747,13.6367619,2059.092657,10.10199988,15.12590767
1355,17750,12.43383765,2061.035797,6.971499926,15.24665996
1356,17751,13.93550677,2034.3479,10.49849998,15.20969202
1357,17752,13.45006032,2043.200824,10.77,15.23689587
1358,17753,14.09276843,2041.35907,11.36750004,15.16484343
1359,17754,12.44250627,2037.771576,8.861999965,15.11941083
1360,17755,13.40036845,2038.623682,9.035000014,15.1832495
1361,17756,15.45336256,2034.204395,13.10249996,15.12535281
1362,17759,11.91213849,2043.255786,6.42049998,15.20501353
1363,17761,11.98637681,1932.702238,5.801578933,15.21858987
1364,17763,12.57192407,2019.072827,7.913999932,15.13941304
1365,17764,11.47036972,1989.303265,6.693499976,15.10726655
1366,17765,11.455334,1915.614294,5.358999962,15.10104829
1367,17766,11.39994349,1971.90368,6.08949998,15.22750148
1368,17767,13.33703327,1919.312204,10.52500012,14.68240044
1369,17770,10.9600492,1942.592419,5.753999978,15.1236029
1370,17771,10.3417696,1846.826349,3.520500031,15.14955497
1371,17772,11.57081132,2005.564819,5.641999882,15.22228901
1372,17773,11.14194345,1984.461444,4.180500038,15.13417724
1373,17777,12.45327268,2052.796429,8.45000003,15.15330729
1374,17778,11.6053376,1969.901855,7.057499987,15.05957946
1375,17779,10.99964314,2003.521393,5.953999972,15.19054484
1376,17781,9.971930408,1767.433356,3.411499992,15.0394025
1377,17782,9.461554337,1534.782327,2.493999999,14.6492034
1378,17783,10.51686966,1750.834045,4.127500001,14.94424354
1379,17784,9.679682326,1664.904773,2.601500016,15.09949677
1380,17785,11.83217139,1972.350244,6.425499997,15.21447395
1381,17786,11.08620019,1816.03244,5.333499979,15.09080042
1382,17787,11.82431936,1966.445135,7.445999995,15.20897287
1383,17788,13.72471118,2042.564307,10.52299995,15.14745077
1384,17789,11.44605274,1831.862341,4.275999964,15.21653076
1385,17790,12.67140057,1926.65098,9.22950002,15.1027911
1386,17791,9.297462034,1443.129294,1.559500003,14.81516549
1387,17792,13.03179164,2000.378882,8.266000021,15.18286613
1388,17793,9.959066606,1576.495026,3.417499945,14.81565911
1389,17794,11.50448751,1893.834909,6.945000038,15.11701798
1390,17795,10.6209497,1716.342715,4.911999971,14.96133788
1391,17796,10.4042326,1880.354663,4.526000056,15.16908824
1392,17797,10.68920393,1793.915814,4.099500012,15.08408855
1393,17798,9.12187922,1513.794711,1.239000004,14.67263733
1394,17799,10.55986056,1758.582013,3.721500033,15.103119
1395,17800,11.5960192,1877.35195,6.112500013,15.0601024
1396,17801,11.13596621,1864.988916,4.979000032,15.01100153
1397,17802,11.0954257,1889.597601,4.349999988,15.15056236
1398,17805,10.09097168,1696.554477,2.713500011,14.9716664
1399,17806,11.09913812,1909.381036,5.671499938,15.22210304
1400,17807,11.11658695,1917.717487,5.408499971,15.17971878
1401,17808,11.03394685,1761.972656,4.844499965,15.06551193
1402,17809,10.44070776,1866.829047,4.597500002,15.13164005
1403,17811,10.51186961,1916.467092,4.115789514,15.07240496
1404,17812,11.12343645,1997.292926,5.80150001,15.14649506
1405,17830,6.563586637,859.2910156,0.0,13.69353703
1406,17835,8.373420715,1529.652927,0.268000007,14.94625895
1407,17847,8.552901554,1294.121375,0.111999995,15.00198671
1408,17927,8.127653193,1232.696722,0.512999989,13.93085852
1409,17938,3.19531734,17.88924548,17.19450043,5.237298155
1410,17947,7.42090811,1045.351743,0.1975,13.29960877
1411,18028,3.75735383,42.94733777,1.04000001,8.139850348
1412,18031,2.083109075,0.583945009,1.39000001,8.140510485
1413,18041,2.208446926,4.441235396,6.371000147,6.881275434
1414,18049,3.132874203,48.70307798,1.671500051,8.100752391
1415,18059,2.905418456,16.54749722,1.713999996,7.843838431
1416,18062,2.744686612,56.89687499,11.6205003,6.562003807
1417,18064,2.360102414,17.93383198,3.693499994,5.379619684
1418,18066,3.668763661,70.9346034,12.45350039,6.592146786
1419,18085,7.788868952,1103.652032,0.456999989,13.80282766
1420,18092,6.777027142,789.601413,0.0025,12.12867491
1421,18098,8.288812864,1267.651157,1.191000004,14.27974328
1422,18106,5.957845449,711.9978607,0.0255,12.15034206
1423,18117,9.350439525,1640.089038,1.45849999,14.73035198
1424,18119,8.647904372,1245.767183,1.695000005,13.82719351
1425,18120,9.758090401,1874.808588,2.913499981,15.14852294
1426,18121,10.25970483,1848.648334,3.767999977,15.06245671
1427,18122,11.0175561,2018.441663,5.201000059,15.19041596
1428,18125,10.50131435,1864.741876,4.440999961,15.1408297
1429,18126,10.26419697,1944.127423,3.427999991,15.17417018
1430,18141,6.750928259,880.2332642,0.0,13.75020146
1431,18273,6.45062418,793.2384613,0.0,13.35657263
1432,18321,8.274521677,1386.150562,0.0,15.06648057
1433,18322,8.724419069,1285.031883,0.0125,14.99424492
1434,18336,7.985798597,1415.993744,0.001,14.92580165
1435,18338,7.658931661,1253.725928,0.035499999,14.79684108
1436,18343,7.184102869,1102.449466,0.043000001,14.52178037
1437,18354,9.39500792,1786.316711,1.315000018,15.14945595
1438,18360,9.647272301,1847.852301,2.206000021,15.17535777
1439,18361,11.42622805,1911.889185,3.719,15.13366663
1440,18362,9.70513165,1800.107996,2.656,15.1518057
1441,18364,9.631635791,1834.469153,2.217500001,15.11920877
1442,18365,11.32038465,1945.65863,3.828999972,15.19270487
1443,18366,11.01245139,1978.099097,3.828421044,15.2045614
1444,18367,11.23440306,1992.827826,4.30949997,15.19115873
1445,18369,10.56761944,1864.036017,4.113999981,15.15451647
1446,18370,10.86838777,1974.978412,4.60150001,15.14203843
1447,18371,10.77410893,1923.398553,3.534499986,15.1706201
1448,18372,11.24468679,1979.77276,4.961999974,15.14025865
1449,18373,10.58438163,1971.003058,4.179500023,15.10726592
1450,18374,10.67569041,1925.930151,2.942499986,15.14306451
1451,18377,10.60077224,1834.26698,3.198499984,15.13775857
1452,18378,10.5701442,1806.81131,3.019499999,15.20485792
1453,18384,10.65681241,1908.832025,3.16499993,15.19187964
1454,18385,10.95865717,1970.010693,4.003500003,15.17380455
1455,18389,9.553438789,1587.684056,1.763684197,15.09564917
1456,18390,10.43090682,1778.889374,3.063999963,15.05127083
1457,18391,10.46005001,1823.209488,3.663500005,15.12580816
1458,18392,10.50137017,1774.257788,3.428000045,15.11476609
1459,18394,8.990586662,1549.901599,1.37249999,14.72002508
1460,18397,10.15011182,1861.101019,1.577999988,15.11753145
1461,18400,10.98655663,1935.559375,2.40649999,15.14519745
1462,18401,9.07346828,1658.564777,1.634000009,15.05547081
1463,18404,8.936105752,1556.132208,0.915500015,15.03347276
1464,18405,10.39285364,1891.726373,1.691499993,15.1674947
1465,18410,10.02795198,1805.86911,0.818000007,15.13589068
1466,18415,9.101534754,1700.505585,1.451250007,15.13687927
1467,18416,10.34031388,1768.189891,1.671764722,15.17112614
1468,18418,10.05586998,1909.112659,3.201499999,15.15147503
1469,18420,10.39470992,1968.902545,3.512000036,15.18787833
1470,18422,9.44417994,1756.4271,0.626500006,15.15274416
1471,18423,10.13771205,1942.03916,2.690000036,15.17173858
1472,18424,10.66911933,2015.088922,4.745499992,15.1356964
1473,18425,10.46972098,2002.586115,4.375499973,15.16637398
1474,18426,11.42671065,2046.160883,6.810500002,15.15676738
1475,18427,11.98709397,2040.323529,6.972499993,15.19907995
1476,18428,11.41607432,2060.986182,6.207999957,15.21583495
1477,18430,11.68990841,2032.905225,6.308000028,15.14518887
1478,18431,10.12607348,1954.878107,4.708500022,15.14719561
1479,18433,10.36304224,1976.455792,2.670000005,15.19849589
1480,18436,9.066767192,1675.8315,0.537999992,15.03576498
1481,18444,10.50343041,1939.861267,3.472499979,15.12544504
1482,18446,9.531052566,1808.374585,1.456999996,15.14586394
1483,18447,9.592104554,1819.981055,1.605999988,15.16043293
1484,18448,9.991718197,1875.374658,1.504000015,15.14035754
1485,18449,9.10782169,1743.833631,0.514736836,15.12714273
1486,18450,9.731713152,1694.878131,0.510999998,15.14537948
1487,18453,10.62815462,1987.800616,3.514999977,15.18472048
1488,18456,10.07784801,1729.68425,1.811499995,15.06430739
1489,18459,9.58460536,1766.916891,2.042500033,15.04793827
1490,18464,8.226665568,1383.79606,0.308499992,14.83939956
1491,18465,8.227983451,1358.56261,0.362,14.9439678
1492,18471,9.152563071,1420.251886,0.541000009,14.77535252
1493,18479,9.959901834,1720.518124,2.881500029,15.0097965
1494,18481,10.06832547,1816.378674,3.284499972,15.10821328
1495,18491,7.193365455,810.8056244,0.054499999,12.7110347
1496,18497,8.601275349,1346.321742,0.745999997,14.07492453
1497,18499,8.631031156,1330.284261,0.597499996,14.66039541
1498,18501,9.732734156,1610.033487,1.2345,14.88365601
1499,18502,9.001055932,1373.323358,0.072500002,14.8269065
1500,18503,9.313444281,1541.459494,1.600500023,14.65609901
1501,18507,8.365420091,1344.900401,0.932499992,13.97097507
1502,18511,8.1862921,1290.577087,0.391,14.44395867
1503,18520,7.95812192,1298.937029,1.304500011,14.2458656
1504,18522,9.94606227,1695.370071,2.743499976,15.10662304
1505,18523,11.25675244,1919.819617,3.307500023,15.10792297
1506,18524,9.697522966,1664.107147,1.835500014,15.10407539
1507,18525,11.45887071,1994.841876,5.572500008,15.11548577
1508,18526,10.91451956,1877.063281,3.0625,15.14699221
1509,18529,8.718516183,1251.71824,0.37400001,14.70858693
1510,18531,9.327915472,1533.063545,1.413529418,14.67641615
1511,18532,9.776627627,1726.096902,3.024545529,15.1916605
1512,18533,9.211476326,1635.218713,1.821666675,15.08428186
1513,18534,8.889940715,1528.501028,1.563499987,14.77860162
1514,18539,8.073172188,1139.608994,0.223500001,13.67722186
1515,18615,7.414017916,1156.866132,0.0,14.66448878
1516,18619,8.410174441,1461.767197,0.75550001,14.75471945
1517,18621,6.346544194,798.1688522,0.0,13.20337147
1518,18624,8.940950656,1349.072116,0.533000002,14.48736928
1519,18626,8.121241936,1272.795336,0.561538476,14.38201666
1520,18633,8.602054906,1393.956148,0.718499985,14.7320652
1521,18636,7.621416664,1048.60151,0.168499994,13.66303495
1522,18639,10.53851359,1869.137128,4.169999973,15.11007062
1523,18640,9.606230545,1726.52041,2.053499988,15.1407305
1524,18642,7.376985717,949.2959488,0.297000003,13.24323906
1525,18645,9.5595644,1595.035873,2.707999998,14.84827258
1526,18646,10.74448314,2008.196802,5.069,15.16416746
1527,18647,10.28899658,1793.149677,3.039499974,15.08277507
1528,18648,10.28628633,1704.984839,2.515000021,15.05048092
1529,18649,12.99678259,2028.631647,8.818500102,15.17432396
1530,18650,12.10251565,1982.482043,7.121000034,15.14599536
1531,18651,12.16633346,2029.121948,7.314500082,15.17797306
1532,18652,13.38859987,2036.025323,10.04349993,15.18517068
1533,18653,15.10496283,2034.168115,13.23999999,15.14984813
1534,18654,12.91158075,2057.696893,8.123499942,15.18417929
1535,18655,12.14121835,2038.721271,8.07450003,15.11867836
1536,18656,12.9566504,2011.05437,8.508499929,15.17090222
1537,18657,12.26556864,2055.465149,8.158000028,15.20945942
1538,18658,12.87939339,2055.811969,10.17849998,15.18504462
1539,18659,12.60778219,2019.566673,7.703125052,15.20106722
1540,18661,10.91993585,1796.654456,3.910999954,15.07625847
1541,18662,11.3551337,1993.46485,5.531500024,15.20711741
1542,18663,11.01003826,1949.42431,5.09149996,15.18387415
1543,18664,13.21732373,2005.199377,10.225,15.14632295
1544,18665,13.1964222,2048.495636,8.46699993,15.22429284
1545,18666,11.33035254,1885.814331,4.446499953,15.15091883
1546,18667,11.65460463,1998.424051,6.400588214,15.1538553
1547,18668,12.24461155,2022.169983,7.621499974,15.1153184
1548,18669,12.28609865,1990.027289,7.864999962,15.16908941
1549,18670,11.16915603,1945.562579,4.638500017,15.1077653
1550,18671,13.38806148,2004.542065,10.22249997,15.08189562
1551,18672,13.03864112,2014.769891,8.851500016,15.14489704
1552,18673,11.47361822,1929.462128,5.545999955,15.11404274
1553,18674,13.58790545,2069.154041,10.897,15.23426007
1554,18675,13.23943162,2048.470532,9.541999984,15.1786602
1555,18676,9.61619873,1662.137317,1.784999979,15.06592441
1556,18678,11.51688724,1969.647876,6.062000054,15.10972255
1557,18679,12.9353406,2025.394147,9.728999949,15.19038253
1558,18680,12.16547961,2044.933765,8.223499945,15.21542864
1559,18681,12.06880608,2028.953351,7.61500001,15.15994048
1560,18682,12.99449944,2048.587939,9.146000075,15.11486529
1561,18683,11.52535181,1984.767188,6.762499955,15.16914475
1562,18684,11.85429792,2040.738556,6.356999984,15.21225344
1563,18685,10.78498635,1963.264703,4.562999976,15.11882146
1564,18686,10.8957303,1963.819049,4.007000023,15.18671912
1565,18687,10.94703708,1969.637769,4.49749992,15.20133595
1566,18689,10.63752429,1986.9664,3.483999974,15.16655472
1567,18690,9.883030666,1813.397981,1.287368438,15.1909914
1568,18691,10.638368,1991.361746,3.434736848,15.15068377
1569,18695,8.258968127,1353.265161,0.124736836,15.01748471
1570,18749,3.116278082,47.66198462,17.74449956,6.630616292
1571,18816,8.079223561,1242.037802,0.24,13.98824054
1572,18856,8.733718753,1250.811771,0.225,14.71475525
1573,18865,8.227185225,1150.122812,0.26050001,14.01014395
1574,18944,4.475074446,123.6342911,7.948500145,7.533362009
1575,18956,3.86249783,87.0220221,17.74300051,6.060618108
1576,18963,3.988633764,61.82185588,14.00800052,5.982664682
1577,18966,2.668434769,23.56397963,6.912500167,7.297388046
1578,18968,2.592831117,13.27158609,6.168000086,7.165272949
1579,19005,3.390459318,63.89351688,3.318421163,7.758137984
1580,19030,2.279743734,0.271191663,17.02684257,5.66071109
1581,19105,3.93299107,100.2237221,4.912941298,7.763852017
1582,19116,2.365678128,3.018698005,8.874210734,6.688157522
1583,19214,2.392249006,0.546931016,3.665000093,7.886715621
1584,19334,2.384090775,5.379504675,12.31500043,6.349171378
1585,19378,2.401454982,12.99774145,7.86500026,7.127449776
1586,19413,3.103245592,31.94652873,2.455714334,8.065242268
1587,19505,3.761778033,86.07434526,15.47500044,6.441256665
1588,19512,6.975014782,687.9515717,0.0,11.87316251
1589,19562,3.01526081,12.45945401,2.168000007,7.99602497
1590,19564,2.540618587,8.192819948,5.857000172,7.460268337
1591,19567,2.773898077,18.3165471,4.789000005,7.286042003
1592,19626,2.635852349,20.80285991,3.148000026,7.495427996
1593,19656,4.059402859,319.0029018,0.116500002,9.832200542
1594,19668,4.771627414,386.5915218,0.0245,10.65423761
1595,19685,7.850570822,1177.486667,0.0215,14.52766652
1596,19686,8.386878562,1303.729745,0.0245,14.90293939
1597,19687,7.878989983,1174.589043,0.223499995,14.15833975
1598,19754,7.853243756,944.1244446,0.0,14.09421614
1599,19756,6.70455904,850.6658875,0.0,13.65751107
1600,19789,3.987780195,104.699855,15.08368461,6.256014593
1601,19793,3.044750153,52.52777855,11.76800042,6.457566792
1602,19798,4.150200582,178.4613459,4.796000171,8.451845985
1603,19808,5.866730928,687.3630371,0.482999992,11.52294615
1604,19809,8.766105992,1299.522867,0.044999999,14.73114377
1605,19810,8.321575618,1365.343295,0.0,14.63706905
1606,19817,2.584104162,9.985003531,4.542000124,7.740972307
1607,19820,3.026383406,5.695491311,19.70300058,5.002031503
1608,19821,2.507718456,27.18235195,12.01100043,6.303696995
1609,19826,2.627412286,30.55214792,12.09500042,6.362129627
1610,19828,4.209352743,120.2786153,15.86400048,6.246419745
1611,19949,7.838004065,1080.011701,0.027500001,13.78895849
1612,19979,3.888313127,96.28301437,16.22700043,5.776140329
1613,20002,2.244349885,16.96489945,6.792105392,7.132916609
1614,20004,2.563671058,16.14562378,14.34000051,6.066666783
1615,20014,5.144002175,205.2857965,5.471500015,8.52802979
1616,20040,2.849844801,4.412188925,4.853000069,7.204386028
1617,20046,5.606308794,246.3682564,0.0,9.432040259
1618,20048,5.898278308,299.1123001,0.0,9.950294271
1619,20049,6.503717799,375.6172592,0.0,10.64236186
1620,20068,9.048613095,1498.993414,0.216,15.03184211
1621,20069,7.98813746,1250.337466,0.090000001,14.39722565
1622,20070,7.853596473,1130.501576,0.033500001,13.97955756
1623,20071,8.940653658,1424.17709,0.364500004,14.57271297
1624,20072,8.721820331,1429.758389,0.874500006,14.7481433
1625,20073,8.396790814,1383.343085,0.108500001,14.7561235
1626,20074,8.665427351,1366.227859,0.638000011,14.53649899
1627,20075,8.958993387,1394.520627,0.323999996,14.45550035
1628,20076,9.403825092,1603.909613,0.954499999,14.81754224
1629,20077,10.11725624,1812.637506,2.937000036,15.12659213
1630,20078,9.347840643,1549.361118,0.535999985,15.04069005
1631,20079,8.113861322,1119.557747,0.130499995,14.39508216
1632,20080,8.552010465,1391.321025,0.543000007,14.40808095
1633,20081,9.206505728,1484.718234,1.032500021,14.7986252
1634,20082,9.019637108,1419.714102,0.952000004,14.7392761
1635,20083,8.292599559,1346.932095,0.484499991,14.58889018
1636,20084,8.491849422,1457.679776,0.376499993,14.79341961
1637,20086,8.395083022,1355.270148,0.645000005,14.39486003
1638,20087,9.011729455,1595.548575,0.658999991,14.97488956
1639,20088,9.605580997,1775.294989,2.638499978,15.03924622
1640,20089,13.91527371,2024.051752,10.43950001,15.12216899
1641,20090,12.76311789,1970.94704,8.549499953,15.03269081
1642,20091,9.997286892,1716.380072,3.336500019,15.00147776
1643,20092,12.05026207,1967.959265,7.406999977,15.19920847
1644,20093,13.9862196,2024.10567,10.72250003,15.12648882
1645,20094,11.82683709,2010.813226,7.206315819,15.22163893
1646,20096,12.74791524,2022.75105,8.148999977,15.18702905
1647,20097,11.4371984,1862.958813,3.500999999,15.16543883
1648,20100,11.04361792,1869.074701,2.817999965,15.15628579
1649,20102,11.49125242,1817.219543,7.574500004,14.60656339
1650,20103,10.55677905,1902.421591,4.37699998,15.13920088
1651,20106,10.01596065,1933.282813,3.506500008,15.21043999
1652,20107,9.800617051,1820.347601,2.372500026,15.11695468
1653,20108,10.59798791,1950.896851,4.573500025,15.0838699
1654,20112,10.70063853,1901.66347,4.101000038,15.12017924
1655,20113,11.76226492,2013.312299,7.245499909,15.14093399
1656,20118,9.333491826,1692.229703,1.405000022,15.03150894
1657,20123,13.03843689,2041.640259,9.04849999,15.22307646
1658,20124,10.08421504,1950.929956,3.518499921,15.13235503
1659,20125,9.585663223,1693.110046,1.32750001,15.08709463
1660,20126,10.13137732,1599.935155,2.993157908,15.01423138
1661,20129,11.79714394,1986.121802,4.930500036,15.14182274
1662,20130,11.1415535,1991.120514,4.156499976,15.21676947
1663,20135,10.36551106,1932.060999,3.727000043,15.17837334
1664,20136,11.39600837,1990.824921,4.594500004,15.16373719
1665,20138,11.86356068,2012.071271,7.459000015,15.06735854
1666,20143,12.00057039,1983.75932,5.509000024,15.16041733
1667,20147,13.40948277,2043.852795,9.760999966,15.16507423
1668,20151,12.78394499,2036.162982,9.843000054,15.15016691
1669,20153,13.58371043,2055.17334,10.69849998,15.22221614
1670,20154,13.81085944,2047.441907,10.48999999,15.23551217
1671,20155,10.77821109,1977.554877,5.064499989,15.11950135
1672,20156,11.7832777,2028.913873,7.450999957,15.15096183
1673,20157,13.10451913,2019.412152,9.30250001,15.21527298
1674,20158,13.35149336,2049.445819,10.09700007,15.17161413
1675,20159,11.82574871,2025.743073,7.720500004,15.14091597
1676,20161,12.39649,2025.865277,9.092500051,15.20006749
1677,20163,13.85683889,2059.312482,10.79249998,15.27473277
1678,20165,11.41009719,2019.690692,6.818499994,15.15450078
1679,20166,12.85223641,2067.195471,9.307999992,15.2265548
1680,20167,12.63176961,2026.04024,7.470499992,15.15997736
1681,20168,13.78611584,2048.045844,10.06649997,15.18096663
1682,20170,13.13108234,2056.015753,9.961000085,15.14408188
1683,20171,11.93745785,2054.516547,8.114999986,15.17989263
1684,20172,11.63995662,2052.09751,7.67300005,15.25561219
1685,20174,11.8908288,2054.936975,7.790999985,15.20942594
1686,20175,11.81895485,2053.796857,7.142499983,15.18331441
1687,20176,11.17383366,2015.841791,6.444500035,15.16934046
1688,20188,10.88914063,1931.415942,3.990999955,15.16359754
1689,20193,10.27381239,1942.676715,3.376999983,15.17392454
1690,20194,12.43775444,2046.989435,7.509000015,15.17547204
1691,20195,11.93972242,2021.823724,5.890000004,15.23037587
1692,20208,13.27620387,2023.072723,9.900500035,15.10833009
1693,20209,12.85628304,2049.904657,8.754500055,15.13179624
1694,20211,12.9510818,2054.815845,10.37249999,15.18796653
1695,20213,13.33957629,2054.281244,9.992499995,15.20807111
1696,20214,13.6801239,2054.631769,9.913999939,15.18211386
1697,20218,12.17509508,1963.185724,6.64549998,15.21820901
1698,20219,12.9018168,2053.784021,7.851499987,15.24256624
1699,20221,13.61613908,2028.191473,10.79950001,15.13283005
1700,20222,13.42949314,2022.123053,9.931499946,15.08243519
1701,20225,12.26150346,2001.249121,6.865500055,15.17214154
1702,20226,12.56978946,2053.172607,7.173499995,15.22248486
1703,20228,9.866458321,1916.432721,2.425500008,15.17287651
1704,20229,10.46571143,1975.964386,2.988999984,15.16997829
1705,20230,12.10743465,2039.328424,6.25149996,15.16944417
1706,20233,12.48546002,2045.61933,9.205500025,15.1124099
1707,20234,14.15068326,2029.757404,9.794000006,15.0847629
1708,20237,10.68383939,2003.299945,4.35749998,15.17384286
1709,20238,13.46689639,2062.583044,9.489499974,15.17659807
1710,20241,13.65357971,2063.721075,10.38800013,15.21026404
1711,20242,13.18662133,2033.979248,9.00999999,15.10373613
1712,20243,12.64045696,2063.092572,9.009999967,15.18079434
1713,20247,12.83135357,2049.159924,9.427000058,15.17486443
1714,20248,13.32816038,2038.270447,9.870000005,15.12063226
1715,20249,13.26939149,2023.975507,9.412499931,15.10279383
1716,20250,12.85069575,2023.012463,8.267999953,15.24493562
1717,20252,13.56939864,2057.703876,10.73800001,15.18348965
1718,20254,13.60290399,2042.752124,10.46350003,15.14206195
1719,20255,14.05946736,2061.366595,11.0229999,15.21680693
1720,20256,13.50682153,2031.636481,10.52349998,15.13378716
1721,20257,12.37629399,2055.007416,8.883000016,15.171005
1722,20258,14.36357675,2030.038013,11.78,15.14139171
1723,20260,14.31290107,2031.734143,11.13210517,15.09383091
1724,20261,13.48956137,2035.396786,10.52600009,15.09634881
1725,20262,12.32118173,2041.049305,9.761000037,15.13736044
1726,20263,12.78028817,2033.961843,9.336499971,15.19478939
1727,20264,13.12293334,2045.460895,9.163000035,15.16088645
1728,20265,12.78149471,2059.693945,9.497499895,15.21313316
1729,20267,13.01701567,2042.675842,10.07549999,15.18455811
1730,20268,13.40719948,2053.554041,11.26600001,15.13050771
1731,20271,12.4952796,2042.439465,8.960500002,15.13265741
1732,20281,11.543543,2042.546155,8.060999978,15.09003291
1733,20282,10.8255456,2046.299066,4.551000008,15.19495918
1734,20283,10.95754356,2043.588727,5.909499931,15.16455509
1735,20284,9.089079309,1663.70267,0.472500009,14.967583
1736,20285,9.694513798,1895.024677,1.896000016,15.13853006
1737,20286,10.49581966,1950.521808,2.508999974,15.17122699
1738,20287,9.817119241,1890.686011,1.88150003,15.1880098
1739,20288,9.254731011,1577.573846,0.43599999,15.09137517
1740,20289,10.11560416,1866.587903,1.138499998,15.15767361
1741,20290,9.534969211,1737.153699,0.505500005,15.14054033
1742,20291,8.644823027,1350.772504,0.0,14.97549221
1743,20292,8.575584888,1338.13949,0.0,14.92634086
1744,20293,8.95947597,1450.365051,0.117499999,15.06902947
1745,20384,2.324372634,22.45153368,7.791000259,7.183382926
1746,20385,4.945686316,212.8780159,12.71450033,7.448511126
1747,20507,8.093906546,1237.334712,0.017,14.18674345
1748,20509,8.607159638,1285.648834,0.0245,14.69310209
1749,20510,8.95676589,1572.012317,0.576499993,15.06069852
1750,20511,8.881476259,1473.388608,0.104000002,15.02359915
1751,20512,7.555445647,1079.313309,0.1245,13.84184606
1752,20518,9.784282064,1625.854901,0.551500003,15.06023946
1753,20519,8.012714219,1326.752267,0.392999995,14.38705565
1754,20520,8.776041269,1429.959521,0.403999992,14.95697665
1755,20523,8.158359502,1083.791451,0.030526315,13.82780473
1756,20524,8.877355361,1447.432755,0.288000005,14.62177786
1757,20525,8.292562437,1282.663727,0.670500028,14.52342184
1758,20527,9.289183068,1548.573105,0.771999994,14.79595301
1759,20528,7.469983745,1061.786179,0.199,13.75498259
1760,20529,7.730787015,1106.645703,0.0245,14.02074637
1761,20530,8.825863218,1392.464917,0.732500005,14.75536944
1762,20531,8.973639154,1196.109658,2.890500009,13.46670806
1763,20532,10.74806571,1785.815732,4.074499974,15.07765795
1764,20533,8.432727838,1429.121869,0.195500002,14.88069186
1765,20534,11.0019449,1873.577716,4.59350006,15.07953376
1766,20535,13.33046222,2031.704248,9.620500079,15.18790112
1767,20536,12.32413628,2016.220459,7.007368417,15.09523531
1768,20537,12.28006597,2007.830219,7.043000031,15.14914562
1769,20538,11.03966389,1894.179572,4.984500021,15.14523214
1770,20539,11.092697,1924.216992,4.243500015,15.13858174
1771,20540,12.35032492,1994.819989,8.820500052,15.12412888
1772,20541,12.19753704,1989.503357,6.84150005,15.11029802
1773,20543,11.86563947,1932.651599,6.710000062,15.02399361
1774,20544,9.518949676,1520.579657,2.166999984,14.85266505
1775,20546,8.609331536,1420.060327,1.276499993,14.73934436
1776,20547,10.67236776,1898.524127,3.984499997,15.1125614
1777,20548,12.88412695,2058.6552,9.672499895,15.19021636
1778,20549,10.59717114,1853.859399,3.230500036,15.1037026
1779,20550,10.8290539,1877.282581,3.923499987,15.17117509
1780,20551,11.71780756,1873.046875,5.376000014,15.16066141
1781,20552,9.94275012,1794.808954,3.006499952,15.10245448
1782,20553,10.77459152,1802.906421,3.918499976,15.17932279
1783,20563,10.63366489,2005.462402,5.17299999,15.13983692
1784,20567,10.37889462,1959.06582,3.271500018,15.19314981
1785,20568,10.64795809,1963.860663,4.395999992,15.12595993
1786,20569,10.96435587,1976.99892,3.907999998,15.1014791
1787,20570,10.67045593,2001.295514,3.933499962,15.19366586
1788,20571,10.50567439,1950.163953,4.171666678,15.18346865
1789,20573,10.17843823,1833.6203,2.276666704,15.14290045
1790,20574,10.06732309,1862.956134,2.604499964,15.14289844
1791,20577,8.572410631,1194.730463,0.0,14.74620111
1792,20651,8.639050031,1387.249586,0.499999992,14.06648344
1793,20679,3.250060809,31.62245662,16.69700043,5.323626347
1794,20693,2.741075319,9.614186007,19.43950053,5.056889908
1795,20703,4.701609671,361.2203537,0.0,10.4768596
1796,20704,5.87442559,674.9775864,0.0,12.45976089
1797,20705,7.717793202,1173.924808,0.116999996,14.17634435
1798,20723,7.758612156,1108.532245,0.0,14.71498118
1799,20739,7.884168935,1086.577908,0.0,14.73130734
1800,20741,8.172636271,1286.972487,0.0,15.16188174
1801,20742,8.14140799,1263.574988,0.0,15.09306099
1802,20745,8.581023765,1301.798914,0.0,15.08811861
1803,20748,7.63680501,1253.369016,0.0,15.00250652
1804,20749,7.91758132,1254.039099,0.0,15.01328199
1805,20750,8.104375768,1342.417883,0.0,15.10282633
1806,20782,7.474234486,1179.994261,0.2125,14.43922408
1807,20786,8.285935593,1148.836438,0.091500002,14.39918853
1808,20788,8.47337985,1434.339319,0.94200001,14.63592504
1809,20789,8.988117909,1438.674789,0.514000002,14.81786817
1810,20790,7.927512455,932.6182556,0.0,13.79166806
1811,20791,8.038441849,1229.800708,0.150000003,14.37824106
1812,20792,8.926007843,1557.237674,0.916000001,14.95482261
1813,20793,8.176788139,1418.112946,0.530499995,14.62284954
1814,20794,9.871043205,1637.679068,2.081000036,14.83967252
1815,20795,9.945674244,1717.71123,1.93157895,15.06888288
1816,20797,8.416634119,1346.567152,1.153499982,14.16644794
1817,20798,9.444389067,1631.449004,1.499999981,14.93221747
1818,20799,9.943668991,1700.188797,1.681249993,14.9495144
1819,20800,9.819903493,1854.116501,2.305499994,15.04833828
1820,20801,9.231398058,1522.613513,1.210500005,14.7978977
1821,20802,8.041745889,1306.156279,0.570999998,14.21670458
1822,20803,9.96759751,1803.803271,1.338500024,15.17015956
1823,20804,9.47120688,1733.693225,1.215263151,15.15591469
1824,20805,6.654644477,876.4614354,0.334000002,12.91256163
1825,20811,9.061718249,1497.30854,1.672500008,14.60801353
1826,20812,8.429219532,1213.983023,0.432000005,14.27524093
1827,20813,8.51063478,1412.4383,0.544499996,14.66900441
1828,20814,9.027581787,1591.464905,0.580000004,15.03043605
1829,20815,8.0537745,1082.746057,0.274500006,13.71939151
1830,20817,7.700288689,1165.886046,0.376500004,13.92874253
1831,20819,9.308989263,1707.558612,1.067000008,15.06144065
1832,20820,7.953128457,1123.33941,0.535500002,14.07372008
1833,20827,8.424820328,1416.540088,0.307500003,14.51015241
1834,20829,8.203276825,1143.488293,0.052500001,14.03164718
1835,20878,7.891129875,1025.691043,0.0,14.47308482
1836,20937,7.881211456,1122.531613,0.0,14.79011131
1837,20946,7.744189024,1200.000201,0.111000001,14.150068
1838,20947,8.115532017,1236.533887,0.008,14.43462901
1839,20962,6.189022923,641.8840981,0.0495,11.46846177
1840,20966,4.159640288,270.5692898,0.123000002,9.495276913
1841,21053,7.445815468,728.0337524,0.0,13.03046899
1842,21125,3.054868072,5.579636061,19.83300056,5.060613004
1843,21220,2.213367111,11.89536769,6.156666862,7.367109579
1844,21225,3.443762553,53.93307077,7.096500099,6.932250408
1845,21229,3.093026058,28.51756824,10.74400039,6.700199086
1846,21230,3.119630021,27.95870271,16.26000058,5.54570186
1847,21232,2.914298683,13.2784561,8.870000279,7.04188074
1848,21239,2.462611288,5.609583363,9.709000212,6.475334201
1849,21241,3.197954643,33.56444912,13.81500049,6.182629097
1850,21242,3.229075003,29.41297313,8.94050023,6.786665512
1851,21243,2.807132614,7.539385354,17.28100057,5.63893017
1852,21246,3.450519037,47.42889698,7.148000133,7.045205478
1853,21314,3.098093867,7.860464188,18.80100062,4.873690568
1854,21369,3.320238233,35.43753172,2.644499999,7.699786412
1855,21372,2.523120272,2.292702818,7.94000026,7.0679384
1856,21383,3.227190149,16.48617061,18.1605005,5.394535965
1857,21392,3.212949521,24.37256136,18.90111178,4.985085428
1858,21402,4.053704166,93.10439011,0.785499996,8.447700039
1859,21407,4.803712618,151.5163143,12.78550037,6.941844234
1860,21411,2.900889704,40.32113928,17.2485006,5.465413744
1861,21540,3.449693125,16.62432384,16.46700059,5.863474103
1862,21541,4.305248463,96.30357685,3.674500048,7.906078141
1863,21627,3.064838028,17.63738657,15.68000046,5.69587207
1864,21639,2.840918201,7.267785323,15.24250045,5.741301131
1865,21641,2.458450115,9.6821031,16.51500059,5.640229194
1866,21672,2.37557689,3.248135281,18.84000068,5.27960053
1867,21673,3.673309903,67.74633552,11.30157921,6.213819095
1868,21724,3.722177899,216.0197845,0.0,9.15809302
1869,21726,3.879049635,210.2837204,0.0,9.108303398
1870,21731,4.29310472,286.9653175,0.0,9.8972902
1871,21794,2.719428098,10.80553957,8.331000221,6.597799351
1872,21848,7.043584657,720.6357697,0.0,13.09159407
1873,21866,7.472935247,783.0469177,0.0,13.47012734
1874,21874,7.043658829,636.4158813,0.0,12.56007515
1875,21875,7.877560711,891.8184021,0.0,13.98994155
1876,21876,7.960256577,932.4453705,0.0,14.20035397
1877,21892,4.646720433,317.8473183,0.0,10.17210509
1878,21964,6.010470104,547.1594612,0.0,12.09562674
1879,22046,3.177245939,25.15612914,11.43300035,6.276206329
1880,22060,3.039563334,18.64458438,4.540499897,7.317633267
1881,22177,7.136025929,705.4535339,0.0,12.9744637
1882,22179,7.180817199,724.8314758,0.0,13.04645835
1883,22180,7.555946755,815.8389435,0.0,13.54391183
1884,22181,8.015442896,917.9508759,0.0,14.05825782
1885,22182,7.310420537,890.1825958,0.0,13.88573393
1886,22183,7.283876228,807.891983,0.0,13.5249951
1887,22184,7.389459634,848.2292175,0.0,13.72671193
1888,22222,2.498333663,1.988978457,2.016999996,8.148676716
1889,22236,2.374043858,1.634840006,2.452999985,7.728063282
1890,22336,2.943048656,14.28337859,3.24750005,7.620450905
1891,22387,2.328475687,3.942616996,1.623157903,7.37326066
1892,22390,2.346800911,3.163955593,2.564000009,7.566124013
1893,22393,2.814612579,12.73806298,9.918000281,5.755046678
1894,22399,3.39429065,19.27919467,14.62400041,5.749501891
1895,22401,2.840234889,29.42585083,18.44050068,5.260585584
1896,22404,3.280671793,61.78512034,2.636000013,7.712897943
1897,22405,2.829751888,29.21724383,7.592500257,7.110344709
1898,22407,3.962655652,88.20135311,7.112000152,7.047434469
1899,22408,2.859178883,29.46045182,4.770500076,7.6563504
1900,22410,3.885806823,37.21328199,13.25400042,5.996913166
1901,22412,3.074532348,25.31220951,3.282999963,7.952270385
1902,22415,2.936489776,28.70077831,12.89850039,6.288637768
1903,22417,3.534878135,41.55082641,19.53944512,5.12692426
1904,22419,3.149813719,48.20876517,6.767500162,7.28115979
1905,22586,3.438939631,91.24938903,4.945500171,7.711086684
1906,22587,3.965830398,86.73579472,19.56700062,5.361034689
1907,22608,2.999798763,12.08060203,10.57250021,6.436685991
1908,22652,2.545276636,0.266193539,16.70850059,5.598738159
1909,22807,2.407793936,3.28605656,15.85300047,5.772037149
1910,22825,4.217388159,4.560812771,19.6670006,5.133739421
1911,22826,4.217388344,134.044502,0.692500004,8.704505458
1912,22831,3.186789,19.14420032,19.95250058,5.297062783
1913,22841,3.092156543,64.15771126,10.41111149,6.648756911
1914,22843,3.573470092,72.26419442,5.362000138,7.479883963
1915,22853,4.462647069,87.46625811,16.21250049,6.003735624
1916,22857,2.685213774,3.819724582,19.35900066,5.271309396
1917,22925,5.297725868,175.377272,0.0,8.678684682
1918,22938,2.68156783,9.526262009,7.86500026,7.150518481
1919,23080,6.860911059,846.0764032,0.094999999,13.34574585
1920,23083,8.001001287,1218.364395,0.066999999,14.41644493
1921,23196,9.156925297,1596.305164,0.206500004,15.09776701
1922,23197,8.775521731,1279.603397,0.0,15.03932709
1923,23199,7.915151571,1145.373008,0.919473683,14.0352745
1924,23200,7.926565671,1166.071179,0.0045,14.37623464
1925,23215,7.378637815,776.9998657,0.022,13.19470958
1926,23217,6.958438516,796.3970184,0.0,13.16159829
1927,23218,8.100978851,1123.005962,0.185499995,13.93656957
1928,23219,8.705708003,1356.027802,0.089999998,14.98861907
1929,23220,7.873179936,1242.307794,0.0265,14.78137104
1930,23221,8.66741364,1396.528311,0.2055,14.90929788
1931,23223,8.707471442,1441.074646,0.426499999,15.09645693
1932,23225,9.046032953,1346.68829,0.211500003,14.7501643
1933,23226,8.999106765,1559.50574,1.549000034,15.0524202
1934,23227,9.064818096,1624.062762,0.529499988,15.14059152
1935,23228,9.177882457,1464.629074,1.161500012,15.0013454
1936,23229,8.510438408,1321.685525,0.049999999,14.92958358
1937,23230,9.389476228,1611.847501,0.598499992,15.01043482
1938,23231,8.962650156,1567.084076,0.428500007,15.01012047
1939,23232,6.957306051,979.1759705,0.053,13.48568648
1940,23233,8.099196815,1178.727136,0.283000005,14.27271415
1941,23234,8.649500799,1344.152408,0.558999996,14.83838108
1942,23235,8.860705853,1261.154289,0.028947369,14.60456141
1943,23236,9.252823955,1631.332166,0.31736842,15.07560761
1944,23238,9.086758947,1524.647888,0.314000007,14.94454296
1945,23239,8.146178579,1246.870032,0.0255,14.49423949
1946,23240,8.888622952,1436.89119,0.032500001,15.05234018
1947,23242,8.771790457,1622.437616,0.314500007,15.11174659
1948,23243,9.465415525,1725.607538,0.531999999,15.16055399
1949,23244,8.890312052,1405.391904,0.265000005,14.84819193
1950,23245,8.22150526,1289.449731,0.080999999,14.43640132
1951,23249,9.458695769,1551.121249,0.441000005,14.85701555
1952,23250,8.313649511,1086.501605,0.049000001,14.19221051
1953,23251,7.960869145,1111.267671,0.156999999,13.92585549
1954,23252,7.900516661,1090.103484,0.0005,13.95042112
1955,23253,8.269025302,1279.572989,0.036842105,14.61607794
1956,23254,8.236355329,1017.224933,0.0245,14.20367557
1957,23268,8.276487303,1170.333044,0.0585,14.62946793
1958,23270,8.198116398,1196.390295,0.0505,14.50491916
1959,23271,7.465955758,1017.514655,0.0,14.07118061
1960,23273,7.984814668,1083.19903,0.0,14.59900551
1961,23279,7.570741034,1053.403302,0.0,14.25489919
1962,23280,8.410304451,1135.595218,0.055500001,14.80400924
1963,23283,8.404345727,1198.940067,0.008,14.79366159
1964,23284,6.864567876,785.1725204,0.0175,13.13919738
1965,23288,7.009299719,798.229155,0.0,13.33075793
1966,23399,4.239848882,228.352443,0.322500002,9.469603568
1967,23411,2.342459148,27.61243041,18.61350068,5.157899461
1968,23416,3.285138762,33.63387761,17.65500057,5.658091024
1969,23418,4.661898005,154.6139972,7.091500211,7.834838223
1970,23420,4.323178592,97.37588782,17.59263207,6.008608033
1971,23442,3.884891689,58.13256631,17.15000042,5.408202326
1972,23487,2.752045888,86.13262634,0.392500007,8.228905991
1973,23490,2.702799714,71.88939037,0.561500007,8.136079654
1974,23496,2.099499875,27.49898392,1.11500001,8.133181393
1975,23502,2.018233281,17.70646694,1.394000012,8.13779828
1976,23564,2.982879502,31.91263213,4.305499905,7.062815286
1977,23566,2.549473411,12.35540272,8.423500252,7.106794802
1978,23568,2.994517767,10.93790001,8.383000135,6.960239282
1979,23581,3.164037287,21.46917863,13.07000042,6.086215686
1980,23674,3.022449869,20.61555251,12.04050043,6.454149714
1981,23675,3.524158016,14.66286679,10.87125014,6.486325215
1982,23680,3.463411784,71.94370012,16.16800059,6.108798816
1983,23681,4.175563753,104.6049833,19.05900051,6.047272386
1984,23693,3.533190846,59.38859276,11.95100034,6.396682179
1985,23700,2.895231348,2.91962553,16.59050049,5.7713046
1986,23701,3.01355316,13.59865685,4.954999852,7.081535585
1987,23763,6.377636385,388.0986847,0.0,10.77936611
1988,23764,6.366795778,372.8435135,0.0,10.67391063
1989,23801,2.265416116,1.191384479,17.93000064,5.520442156
1990,23832,2.685787699,1.652895433,13.89250047,6.179168388
1991,23833,3.476019263,21.34488847,11.13250019,6.658832783
1992,23836,3.852530426,19.41205524,12.89550042,6.017791266
1993,23842,3.61217913,6.208230007,19.89500063,5.157037647
1994,23846,2.605853692,16.7005472,16.18550048,5.773002804
1995,23847,3.765935963,53.43377969,16.54150046,5.373455076
1996,23858,3.118542972,33.9133661,5.281500161,7.558667332
1997,23914,6.333197737,315.4938309,0.0,10.20414698
1998,23915,6.225683737,299.1453506,0.0,10.0535768
1999,23930,6.747308588,464.9809006,0.0,11.41314483
